1.08284365974748,1.0527387872982,1.02157689373149,0.989338707585922,0.956007493554793,0.921569453834821,0.886014147457356,0.849334922859051,0.81152935773551,0.772599698979981,0.732553294258331,0.691403005571978,0.649167594086756,0.607548486491506,0.565054219984744,0.521596255310909,0.477217313634787,0.431966848912122,0.385901020162299,0.339082560349429,0.291580535801688,0.243469992882166,0.194831491826055,0.14798913346533,0.115340671913271,0.0944603286483974,0.0788685234444459,0.0704614411403155,0.0660316871544981,0.582118140221714,0.578269269282435,0.574060176522178,0.569503956661199,0.564615497659774,0.559672514284623,0.727131118945476,0.724196453051822,0.720867332763773,0.717163857725574,0.713107305980235,0.708719864872708,0.704024367713964,0.699044041171844,0.893753656797118,0.888130447639282,0.882202817627589,0.875998801636663,0.869545859380308,0.862870698826116,0.855999127680878,0.848955932073487,0.84176478104673,0.834448155081028,0.827027296602759,0.819522180261266,0.811951500686423,0.804332675436992,0.796681860913058,0.78901397911416,0.781342753265409,0.77368075050018,0.766039429963223,0.758429194880777,0.750859447324797,0.74333864457094,0.735874356115813,0.728473320570474,0.721141501785261,0.713884143686777,0.706705823417467,0.699610502464722,1.03259242845677,1.02562387928414,1.0187075974137,1.01184854565806,1.00505110546591,0.998319122360966,0.991655948822032,0.985064484612115,0.978547214594955,0.972106244097672,0.965743331897463,0.95945992092132,0.953257166758103,0.947135964088223,0.941096971139159,0.935140632276856,0.92926719884359,0.923476748349409,0.917769202124392,0.912144341533122,0.906601822850177,0.901141190891745,0.895761891491725,0.890463282908173,0.88524464624028,0.880105194930795,0.875044083425033,0.87006041505256,0.865153249193042
1.10262074221491,1.07246977039221,1.04122267198767,1.00885716663136,0.975353508261667,0.940694924607332,0.904868080188364,0.867863557992307,0.829676353559914,0.790306373727364,0.749758930739312,0.708045220948689,0.6651827759291,0.622236407616552,0.579022280461254,0.534782554908143,0.489560976161302,0.443408708846287,0.396384337628266,0.348553750386226,0.299989895961975,0.2507724117448,0.200987120146804,0.15187557543285,0.117829468020908,0.0952525038446778,0.0792742049865251,0.0704655580188745,0.0659245033362257,0.581937745396121,0.577969511231435,0.573623765502199,0.568914784077506,0.563858801874683,0.559254122888776,0.72657889416062,0.72348359849662,0.719978482537169,0.71608551704086,0.711827899298199,0.707229749837166,0.702315817465138,0.897104425011548,0.891546291968018,0.88565041610521,0.879447250853756,0.872966741426805,0.866238106963759,0.859289655467549,0.852148630892367,0.844841091029321,0.837391814286569,0.829824233063901,0.822160391164301,0.814420922545323,0.806625048682352,0.798790591862107,0.790934001840022,0.783070393455967,0.775213592994855,0.767376191292756,0.759569601808348,0.751804122100692,0.744088997368511,0.736432484907517,0.728841918530914,0.721323772169361,0.71388372201906,0.706526706744359,0.699256985357922,1.03206680940355,1.02492822943246,1.01784510769592,1.01082271652268,1.0038656928681,0.996978089330852,0.990163422201278,0.983424716557718,0.976764548460295,0.970185084318219,0.963688117525755,0.957275102477203,0.950947186080409,0.944705236895647,0.938549872029608,0.932481481915665,0.926500253109898,0.92060618923148,0.914799130170662,0.909078769684755,0.90344467149655,0.89789628400433,0.892432953707766,0.8870539374467,0.881758413545127,0.876545491946992,0.871414223423717,0.866363607929161,0.86139260217149,0.856500126467304
1.12290976454776,1.09273620243132,1.0614264808678,1.02895501499615,0.995298728027199,0.960437531072043,0.92435483304924,0.887038075838364,0.848479288187578,0.808675650110948,0.767630057652239,0.725351676025583,0.681856467367891,0.637543625090707,0.593595141843409,0.548554128336708,0.502465229565317,0.45538127539022,0.407363318362415,0.358480538077048,0.308810001623203,0.25843627346735,0.20745087260802,0.15691332132417,0.120444677888779,0.0960850382225716,0.0797006517002768,0.0704698861246022,0.0658117955614873,0.581747128502571,0.577652240774451,0.573161293436233,0.568289884914374,0.563055757494233,0.558803716969167,0.725980803096643,0.722713011974827,0.719019288584861,0.714923687842715,0.710451535753635,0.705629087094855,0.70048319474646,0.895012301764416,0.88917039147569,0.8829863474385,0.876492825350769,0.869721809444149,0.862704381914659,0.855470530287173,0.848048991523303,0.840467130909209,0.832750853182822,0.824924542967159,0.817011031347653,0.80903158533715,0.801005916999095,0.79295220910944,0.78488715441903,0.776826005804136,0.768782634846413,0.760769596653383,0.75279819900042,0.744878574139394,0.737019751870325,0.729229732704182,0.72151556015785,0.713883391412942,0.706338565736737,0.698885670211859,1.03151461114004,1.02419755719918,1.01693943741587,1.00974585915348,1.00262173401362,0.995571335268527,0.98859835183757,0.981705938835896,0.974896764760281,0.968173055408592,0.961536634651287,0.954988962189897,0.948531168448685,0.942164086751567,0.935888282940604,0.929704082591851,0.923611595983216,0.917610740964766,0.911701263877947,0.905882758663362,0.900154684291379,0.894516380642403,0.888967082956313,0.883505934964804,0.878132000811183,0.872844275857209,0.867641696468463,0.86252314886383,0.857487477108465,0.852533490323085,0.847659969177805
1.14371975320294,1.11354947968824,1.08220219024775,1.04964867903673,1.01586219256608,0.980818951824212,0.944498712201226,0.906885356542959,0.867967514741327,0.827739201170523,0.786200459038412,0.74335799841483,0.699225812449988,0.653825754215488,0.608809933964803,0.562948328589851,0.515967133895808,0.467920765831307,0.41887276502484,0.368895731239915,0.318071092531261,0.266488699900463,0.21424624358621,0.162211984809895,0.123196148633998,0.096961091557011,0.0801494991042388,0.0704744421418433,0.0656931256663,0.581545405270096,0.577315908024628,0.572670421707394,0.567626029918637,0.562202166487496,0.558318003406669,0.72533198342953,0.721878699727888,0.717982600415559,0.71367006591563,0.708968786629079,0.70390737605758,0.89851451874203,0.89275320882624,0.886610431785563,0.88012178516949,0.873322289608019,0.866246101587845,0.858926270842141,0.851394541531266,0.843681195309152,0.835814933540835,0.827822795347011,0.819730107781862,0.811560464270148,0.803335727402758,0.795076052294687,0.786799926901766,0.778524225956944,0.770264275490959,0.762033925229233,0.753845626491352,0.745710513546197,0.737638486687539,0.729638295586575,0.721717621740452,0.713883159074732,0.706140691966477,0.698495170134967,1.03093375988588,1.02342914805719,1.0159872649231,1.0086140809689,1.00131480323321,0.994093940141453,0.986955362304094,0.979902359318953,0.972937692665223,0.966063644810885,0.959282064680873,0.952594409652581,0.946001784255708,0.939504975762163,0.933104486852529,0.926800565546079,0.920593232578153,0.914482306403113,0.908467425994947,0.902548071610328,0.896723583669968,0.890993179906556,0.885355970917958,0.879810974255585,0.87435712717069,0.868993298130307,0.863718297208724,0.858530885451583,0.853429783302392,0.848413678174361,0.843481231243458,0.838631083533538
1.16505873337753,1.13492016327684,1.10356302816876,1.07095416405239,1.03706276826927,1.00186096545667,0.96532442033449,0.927432993012059,0.888171430298175,0.847530084038049,0.805505644813066,0.762101876516783,0.717330334485758,0.671211047167536,0.62470655917152,0.578005481947439,0.530106866923368,0.48106659409785,0.430950682676243,0.379835267146626,0.327806383293504,0.274959551597254,0.221399151798196,0.167792236588029,0.126094773354484,0.0978841617198648,0.0806225590268921,0.0704792445596006,0.065568007906316,0.581331587433001,0.576958777749395,0.572148529879821,0.56691960026465,0.561293326441966,0.727792288496103,0.724626933987084,0.720973897862307,0.71686037031599,0.712315331132491,0.70736910054739,0.702052901464356,0.896385778013663,0.890311064283154,0.883849210131429,0.877038557273479,0.869916661949564,0.862519989425014,0.854883660564421,0.847041248838416,0.839024624934609,0.83086384527278,0.822587080144534,0.814220576875975,0.805788653308957,0.797313716963351,0.788816305451529,0.780315144013337,0.771827216406087,0.763367845783307,0.754950782607212,0.746588297049237,0.738291273722375,0.730069306953034,0.721930795133253,0.713883032990169,0.705932300871663,0.698083950374932,1.0303219607174,1.02262000026045,1.01498492023212,1.00742308519119,0.999940020191721,0.992540484185942,0.985228538694837,0.978007611806257,0.970880557613833,0.963849711251996,0.956916939711255,0.95008368863826,0.943351025338658,0.936719678205918,0.930190072803247,0.923762364821208,0.917436470130906,0.911212092144141,0.905088746683845,0.89906578455808,0.89314241202115,0.88731770929312,0.8815906473004,0.87596010278683,0.870424871935959,0.864983682634546,0.859635205496822,0.854378063760607,0.849210842157444,0.84413209485012,0.839140352523707,0.834234128708877,0.829411925409439
1.18693350570849,1.15685775774346,1.12552136532425,1.09288684921041,1.05891895859473,1.0235852818381,0.986856914519441,0.948709181108214,0.909122404066612,0.868082711325194,0.825582869882075,0.781623129840801,0.736212059664007,0.689367349955247,0.641327907319372,0.593769149578979,0.54492802650645,0.49486170579246,0.443638636277569,0.391338580488058,0.338052428470879,0.283881775959029,0.228938257405458,0.173676973864026,0.129152633211134,0.0988581310572855,0.0811218440111165,0.0704843139223163,0.0654359023208998,0.58110456711784,0.576578901217644,0.571592672781653,0.566166528468494,0.560323954782872,0.727218880576852,0.723859413907899,0.71999095389533,0.715643519212734,0.71084900021853,0.705640646191484,0.700052569383007,0.894076230665399,0.887667959228121,0.880867640339702,0.873716577829505,0.86625504110745,0.858521942227274,0.850554573598537,0.842388403617535,0.834056926208088,0.825591559374248,0.817021587327255,0.808374140511972,0.799674207867319,0.790944675850951,0.782206389100651,0.773478228034727,0.764777199182559,0.756118534548281,0.747515796819246,0.738980987724006,0.730524657302289,0.722156012269371,0.713883022032995,0.705712521248766,0.697650308086396,1.02967666733164,1.02176678592594,1.01392833830637,1.00616811724996,0.998491990334612,0.990904983297901,0.98341135782484,0.97601468384963,0.968717906521612,0.961523408030867,0.95443306452548,0.947448298372831,0.940570126031803,0.933799201809019,0.927135857771527,0.920580140085945,0.9141318420452,0.90779053403521,0.901555590681832,0.895426215406556,0.88940146260459,0.883480257648106,0.877661414900617,0.87194365391849,0.866325614000242,0.860805867232981,0.855382930173972,0.850055274293071,0.844821335292003,0.839679521406809,0.834628220790335,0.829665808062901,0.824790650112174,0.820001111215589
1.20934939243123,1.17937045650705,1.14808846413172,1.11546124528376,1.08144867615143,1.04601333478705,1.00912122614364,0.970742573763586,0.930852672576491,0.889432793971662,0.846471130543573,0.801963763762127,0.755915633442147,0.708341483469058,0.659266754040717,0.610286409489143,0.56047796268556,0.509352951488863,0.456982153573119,0.403449021890688,0.348849540976255,0.293291808693922,0.236895329524323,0.179891625987872,0.13238316320996,0.0998873206008302,0.0816495958856059,0.070489673123669,0.0652962069552324,0.580863098353559,0.576174082821482,0.570999529637174,0.565362228451375,0.559617870299651,0.726591979571233,0.723022323155664,0.718921187071194,0.714321779319676,0.709259255012739,0.703770129972495,0.897889329958891,0.891567330375509,0.88480392272186,0.877644522249348,0.870133624937888,0.862314396057789,0.85422833146927,0.845914989373337,0.837411788356847,0.828753866227827,0.819973993267074,0.811102533068453,0.8021674440347,0.793194314762947,0.78420642692162,0.775224839732966,0.766268490767738,0.757354308395554,0.7484973318766,0.739710835699434,0.731006455355321,0.722394312270041,0.713883136092262,0.705480382954703,0.697192348683948,1.02899504671775,1.02086580562765,1.01281300464435,1.00484390246769,0.996964735779124,0.989180814209092,0.981496608719593,0.973915833521142,0.96644152171895,0.959076094940794,0.951821427234355,0.944678903549466,0.937649473132696,0.930733698167305,0.923931797990526,0.917243689211472,0.910669022045096,0.904207213161492,0.897857475336582,0.891618844173553,0.885490202146942,0.879470300205321,0.873557777150998,0.867751176999112,0.862048964503093,0.856449539017853,0.850951246858099,0.845552392296655,0.840251247333491,0.835046060356334,0.829935063801808,0.824916480916891,0.819988531710587,0.815149438177784,0.810397428869876
1.23230995009721,1.20246485051515,1.17127418798408,1.13869071001527,1.10466897053434,1.06916602950703,1.03214223572167,0.993562091383679,0.953395194068123,0.911617247827288,0.868211130857292,0.823168002164949,0.776488424301186,0.728183473650882,0.678275804292749,0.627608158634528,0.576808141450589,0.524591502356883,0.471031179394484,0.416214334684645,0.360242272680425,0.30323003810151,0.24530567358896,0.186609130223209,0.135801346404573,0.100976553697344,0.0822083193572225,0.070495347752246,0.0651482487045074,0.58060577507143,0.575741840318217,0.570365343502219,0.564501512401156,0.55912138860652,0.725905208951832,0.722107560433843,0.717754723113577,0.712883509035855,0.70753274167754,0.701742584262259,0.895531990436015,0.888838281789394,0.881696654159228,0.874156281427074,0.866265092350486,0.858069333324625,0.849613216708913,0.840938650738215,0.832085045010499,0.823089184170275,0.813985161612013,0.804804364722231,0.795575503266391,0.786324672912262,0.777075446469592,0.767848986154485,0.758664170974613,0.749537734143957,0.74048440622605,0.731517060447412,0.722646857307857,0.713883386220995,0.705234802453509,1.03670788471251,1.02827393770813,1.01991293520814,1.01163389165167,1.00344457333383,0.99535161482488,0.987360627527162,0.979476300413645,0.971702493114941,0.964042321609737,0.95649823683973,0.949072096613838,0.941765231192049,0.934578502954425,0.927512360563292,0.920566888020824,0.913741849015982,0.907036726936595,0.900450760907484,0.893982978193128,0.887632223284153,0.881397183964725,0.875276414636944,0.869268357157534,0.863371359421938,0.857583691911469,0.851903562401765,0.846329129012892,0.840858511765243,0.835489802792307,0.830221075345018,0.825050391711769,0.819975810165768,0.81499539104068,0.810107202026015,0.805309322764296,0.800599848825258
1.25581664596405,1.22614559635936,1.19508666599478,1.16258711545724,1.12859570529478,1.0930634372537,1.05594439423856,1.01719667956694,0.976783452712016,0.934674054523315,0.890845209846035,0.845282289581766,0.797980607692697,0.748946721671913,0.69819969793174,0.645789434182394,0.593974541740755,0.540633312326793,0.485840588113609,0.429687198828353,0.372279967758254,0.313741343617189,0.254208630052054,0.193832800446234,0.13942394233921,0.10213123101911,0.0828008216840105,0.070501366500102,0.0649912724869258,0.580331004798084,0.575279357240561,0.569685848811355,0.563578491491558,0.558579935973398,0.725151247442122,0.721105853600346,0.7164802980924,0.71131547458289,0.705654335394609,0.699541120999002,0.89295696390855,0.885865730685058,0.87832121853269,0.870376675587118,0.862083712163956,0.853491840017811,0.844648111967708,0.835596855646716,0.82637949299265,0.817034435764271,0.807597046728402,0.798099656088905,0.788571623090158,0.779039433402373,0.769526823768473,0.760054926383938,0.75064242650478,0.741305727792307,0.732059120860986,0.722914951373454,0.713883784813523,0.704974565753683,1.0361943903913,1.02750980213847,1.01890356321149,1.01038538393571,1.00196358429184,0.993645227850262,0.985436246299921,0.977341554653063,0.969365157353872,0.961510245627551,0.953779286479841,0.946174103807396,0.938695952108406,0.931345583294205,0.924123307103693,0.917029045612746,0.910062382314265,0.90322260622469,0.896508751447205,0.889919632597199,0.883453876467808,0.877109950286327,0.870886186886121,0.864780807091952,0.858791939592682,0.852917638551231,0.847155899179521,0.841504671486239,0.835961872385288,0.830525396334984,0.825193124663176,0.819962933716434,0.814832701959402,0.809800316137412,0.804863676603949,0.800020701904749,0.795269332700068,0.790607535099857
1.27986849529953,1.25041504008331,1.21953190836154,1.18716046123051,1.15324317677789,1.11772442877231,1.08055138146591,1.04167500364716,1.00105120149539,0.958642065155627,0.914417218187439,0.868355252157233,0.820445220764723,0.770688159239063,0.719098585700312,0.665705932333319,0.612038086575236,0.557539631004879,0.501470761675405,0.443925852264763,0.38501740125006,0.324875722400816,0.263648158445345,0.201497797670311,0.143269756948493,0.103357419395977,0.0834302597523144,0.0705077616479697,0.064824428378604,0.580036977032703,0.574783425636782,0.568956184268652,0.562586456759894,0.727987812516017,0.72432166027214,0.720006556485516,0.715085024849186,0.709602591670216,0.703606863981554,0.897140117662196,0.89013993420024,0.882623407911118,0.874649699577615,0.866276463867904,0.857559245896405,0.848551001035798,0.839301732050743,0.829858234331316,0.820263937824398,0.810558833072464,0.80077946839632,0.790959005527607,0.781127321733666,0.771311147529812,0.761534230301817,0.751817515472748,0.742179338147074,0.732635619407671,0.723200062582272,0.713884345814756,0.704698308169193,1.03564916252925,1.02669866703435,1.01783251695314,1.00906119021157,1.00039361147646,0.991837306846269,0.983398547231904,0.975082480564433,0.966893253140975,0.958834120550869,0.950907548709734,0.943115305585072,0.935458544226335,0.927937877723218,0.920553446710349,0.913304980021439,0.906191849072257,0.899213116522575,0.892367579735754,0.885653809519513,0.87907018459837,0.87261492223187,0.86628610536055,0.860081706629288,0.853999609606238,0.848037627487536,0.842193519550922,0.836465005596002,0.830849778586999,0.825345515691259,0.819949887888492,0.814660568308123,0.809475239435159,0.804391599311424,0.799407366845489,0.794520286332735,0.789728131276092,0.785028707588736,0.960419768378496
1.30446165709373,1.27527279301678,1.24461336737777,1.21241842730849,1.17862366693035,1.14316623708738,1.1059856903626,1.06702506785788,1.02623213052974,0.9835607328813,0.938972330366705,0.892437603913881,0.843938175585059,0.793468378775219,0.741037034901883,0.686669176924005,0.631065108123689,0.575377571291536,0.517988241275834,0.458994801508094,0.398515517612596,0.336689020625381,0.273673523984498,0.20964544276579,0.147359962909249,0.104661957526836,0.0841001962206551,0.0705145696444395,0.0646467562485909,0.579721625022221,0.574250376798219,0.568170787564123,0.561517735463424,0.727334328000108,0.723406694997762,0.718797404498143,0.713554113880627,0.707727618998702,0.701370782534974,0.894501321557178,0.887053372833891,0.879081720157104,0.870650805288598,0.861823034934197,0.852658141358836,0.8432126891818,0.833539718737735,0.823688512899479,0.813704472166057,0.803629081919806,0.793499955805626,0.783350939939861,0.773212263896616,0.763110725953561,0.753069901743978,0.743110367153037,0.733249927910611,0.723503849829027,0.713885084970826,0.704404490193714,1.03506915583118,1.02583605584374,1.016693974754,1.00765423894856,0.998726434224994,0.989918585195936,0.981237321022677,0.972688027689227,0.964274987246301,0.956001504604029,0.947870022555611,0.939882225775009,0.932039134559847,0.924341189097884,0.916788325023657,0.909380041004991,0.902115459067846,0.89499337832689,0.888012322746045,0.881170583510538,0.87446625654496,0.867897275670416,0.861461441849682,0.855156448930657,0.848979906259487,0.842929358500122,0.837002302964029,0.831196204723871,0.825508509756808,0.819936656339094,0.814478084888843,0.80913024643468,0.803890609868737,0.798756668124738,0.793725943407598,0.788795991586956,0.783964405854417,0.959228349418517,0.954582072998167,0.950022878752907
1.32958898612279,1.30071525626955,1.27033143921186,1.23836585975227,1.20474692166525,1.16940393930875,1.13226812531014,1.09327374506992,1.05235944518905,1.00946975771392,0.96455677504028,0.917581981291631,0.868518214957797,0.817351724696226,0.764084265857785,0.708735170219652,0.651343306602902,0.594220735013509,0.53546646126299,0.474965634931314,0.412842286756207,0.349243789648255,0.284340107871856,0.218322325057326,0.15252628068118,0.107068901570736,0.0848146668338248,0.0705218318010503,0.0644571673086008,0.579382579282633,0.573675996967541,0.567323267414218,0.560363516955794,0.726609428105908,0.722395033311524,0.717464219467317,0.71187053864027,0.705670793591916,0.89892377241719,0.891595561573603,0.883666057452963,0.875207279744275,0.866289419847025,0.856979989809075,0.847343152995889,0.837439227465363,0.827324347488701,0.817050265114805,0.806664271860641,0.796209220211374,0.785723625287507,0.775241828461062,0.764794206599674,0.754407412754754,0.744104636302513,0.733905872677659,0.723828194808377,0.713886020129357,0.704091368586024,1.0344509229269,1.0249169062202,1.01548136122788,1.00615655415906,0.996952794397332,0.987878643479071,0.97894110745284,0.970145812941779,0.961497167491921,0.952998504974618,0.94465221692432,0.936459870761787,0.928422315879329,0.920539778562718,0.912811946701459,0.905238045202828,0.897816902974762,0.890547012290948,0.883426581294028,0.876453580332982,0.869625782776418,0.862940800884365,0.85639611727148,0.849989112440949,0.843717088824802,0.837577291720665,0.831566927476824,0.825683179239569,0.819923220544844,0.814284227005107,0.808763386316121,0.803357906782542,0.798065024540102,0.792882009632932,0.787806171084384,0.782834861087039,0.957964272101217,0.953188440151105,0.948504976536415,0.943911765436495,0.939406722490896
1.35523953997792,1.32673509104063,1.29668290188456,1.26500418283706,1.23161954600724,1.19644984629086,1.15941720055619,1.12044620106727,1.07946533585667,1.03640862353117,0.99121746250515,0.943842684618572,0.894246790351627,0.842406327429749,0.788314356847483,0.731982930993691,0.673445488778191,0.614149898630075,0.553986574061483,0.491917953987784,0.428073698251979,0.362610291566778,0.295710367441048,0.227581159320661,0.159323619948592,0.110222059930683,0.0855782615869171,0.0705295951312879,0.0642544218301565,0.57901711072866,0.573055424140168,0.566406247126219,0.559540309166689,0.725803101838777,0.721273487926379,0.7159905516901,0.710014632779572,0.703409395703365,0.896226162817454,0.88839010683861,0.879942512370472,0.870962364752344,0.86152609566406,0.851706675475402,0.841572923891486,0.831189023671894,0.820614216315217,0.80990265524337,0.799103390768085,0.788260461512916,0.777413068528591,0.766595810663292,0.755838962484099,0.745168778923924,0.734607813640631,0.72417524070706,0.713887171601957,0.70375696152241,1.03379054582694,1.02393547119158,1.01418722169252,1.00455910679853,0.995062228532661,0.985705726030901,0.976496999776997,0.967441915990125,0.958544991965689,0.949809563382656,0.941237934728473,0.932831514058597,0.924590933332337,0.91651615555172,0.908606569891623,0.900861075952792,0.89327815820421,0.885855951605349,0.878592299325404,0.871484803399738,0.864530869089142,0.857727743638127,0.851072550059559,0.844562316512388,0.838194001779342,0.83196451729961,0.825870746162706,0.819909559424869,0.814077830070327,0.808372444903452,0.802790314624967,0.797328382317613,0.791983630539637,0.786753087201796,0.781633830383666,0.956620632392992,0.951707956112581,0.94689342625324,0.942174711431239,0.937549517328956,0.933015589417424,0.928570715143787
1.38178273479261,1.35332063273262,1.32366028549679,1.29233073132942,1.25924430714358,1.22431278835313,1.18744842396115,1.14856519529382,1.10758031819528,1.06441600358352,1.01900148362371,0.971275299922048,0.921187835720129,0.868704055908867,0.813806396977769,0.756497724480086,0.696804249503561,0.635253758924392,0.573638374654816,0.509940439361207,0.44429491809704,0.376867683958105,0.307854978591646,0.237481813316487,0.166598588738642,0.113598660415135,0.0863962231790864,0.0705379133694926,0.584086378020777,0.578622060622389,0.572383020892442,0.565411172157301,0.558930068387352,0.724903586048606,0.720026630551819,0.714357243972569,0.707963603777377,0.700917228292975,0.893233032337991,0.884847478881557,0.8758423587344,0.866304299990289,0.856316479109046,0.845957665721771,0.835301528514473,0.824416178477993,0.813363919854261,0.802201176315869,0.790978559633797,0.77974104965914,0.768528257240755,0.757374745199022,0.746310386258009,0.735360740602098,0.724547439248182,0.713888562605447,0.703399006345949,1.03308355288054,1.02288519967002,1.01280307070018,1.00285163603091,0.993042866559929,0.98338652162791,0.973890411612246,0.964560636206722,0.955401799482726,0.946417203082786,0.937609019048147,0.928978443853947,0.920525835235056,0.912250833353696,0.904152467798815,0.896229251823899,0.888479265137395,0.880900226461708,0.873489556973684,0.866244435642164,0.859161847382336,0.85223862485499,0.845471484656017,0.838857058561214,0.832391920421917,0.826072609238853,0.819895648885246,0.813857564893986,0.807954898678247,0.802184219509483,0.796542134540453,0.791025297125552,0.785630413660865,0.960354148084148,0.955189624532075,0.950132196681998,0.945179247647696,0.940328200668925,0.935576522829404,0.930921728054029,0.92636137947866,0.921893091275506,0.917514530006974
1.40933820274913,1.38080805317445,1.35125117181055,1.32033799742092,1.28761933681371,1.25299728497459,1.21637345009205,1.17765023803866,1.13673241984664,1.09352900665791,1.04795544927786,0.999936168173638,0.949407403865396,0.896320356702571,0.840644558915505,0.782371391145562,0.721517621677226,0.658128811699369,0.594521332075983,0.529132070633313,0.461601636665707,0.392105420096438,0.320854200957805,0.248092546149422,0.174402993282566,0.117223247836184,0.0872745672086043,0.0705468482163528,0.583905082767221,0.578193753669166,0.571652216577893,0.564328071817619,0.5582521102358,0.723896993976996,0.718636332965483,0.712541898350507,0.705690943533798,0.898162614007958,0.889905096497572,0.880924671327773,0.871319560210061,0.861184748685327,0.850610663696044,0.839682186587737,0.828477976659113,0.817070070092315,0.805523713548573,0.793897390054751,0.782242996064969,0.770606131842521,0.759026471759078,0.747538186104158,0.736170391056572,0.724947608264609,0.713890219799795,0.703014908007467,1.03232481752699,1.02175859109377,1.01131920826397,1.00102243301496,0.990881189071904,0.980905899905977,0.971104797742169,0.9614842025952,0.952048772834828,0.942801729086845,0.933745053446206,0.924879666040219,0.916205580974713,0.907722043633122,0.899427651202593,0.891320458185176,0.883398068520268,0.875657715811398,0.868096333016818,0.860710612832554,0.853497059873098,0.846452035641169,0.839571797167847,0.83285253010995,0.826290376999065,0.819881461259134,0.813621907534733,0.807507858808526,0.801535490728957,0.795701023516937,0.790000731775353,0.784430952485318,0.95898750706878,0.953662389116891,0.948451614320473,0.943352277532387,0.938361521543527,0.933476541226492,0.928694586826837,0.924012966517447,0.91942904831754,0.914940261463661,0.910544097311077,0.906238109833009
1.43738774824741,1.40941303737904,1.37975582102312,1.34901278809383,1.31673722529501,1.28250258656718,1.24619908603478,1.20771658226601,1.1669461864054,1.12378223152763,1.07812463337213,1.02988166151746,0.978973123179068,0.925333938256327,0.868918053478435,0.80970260572038,0.747692200920096,0.682923128125011,0.616745732915145,0.549603519151997,0.480101641188869,0.408424908848307,0.334799516410063,0.259491508766875,0.182803546732834,0.121124085629019,0.0882202299189039,0.070556470872033,0.583708676676752,0.577727889383033,0.570855310062996,0.563145262123823,0.727492993559906,0.722766850775665,0.717081197889849,0.710518220877872,0.703165711625076,0.895086868772068,0.886196871958677,0.876572232021282,0.866321548573524,0.855548904479157,0.844352465243983,0.832823485293618,0.821045681103306,0.809094920777248,0.797039175320294,0.784938677148371,0.772846234955902,0.760807659664485,0.748862262791907,0.737043395438928,0.725379002661046,0.713892173950963,0.702601675719737,1.03150843401802,1.02054701744324,1.00972449548409,0.999058077766114,0.988561732934539,0.978246592825441,0.968121317964883,0.958192425870868,0.948464584229658,0.938940871373655,0.92962300667197,0.920511553495452,0.911606097373831,0.902905401862247,0.894407544486779,0.886110034970384,0.878009917762877,0.870103860714861,0.862388231556774,0.854859163677099,0.847512612530184,0.840344403858966,0.833350274781586,0.826525908667529,0.819866964619737,0.81336910227785,0.807028002571547,0.800839384972545,0.794799021725936,0.788902749478819,0.783146478671894,0.957524659303821,0.952028829474829,0.946655344904488,0.941400968932502,0.936262522432691,0.931236888426237,0.92632101568382,0.921511921458859,0.916806693475769,0.912202491281774,0.907696547056319,0.903286165959535,0.898968726091061,0.894741678121197
1.46590009526939,1.43855065382317,1.40949340739444,1.37861645894018,1.34658400084759,1.31282157737537,1.2769261332982,1.23877402704398,1.19824147668975,1.15520659264728,1.10955187568605,1.06116721722722,1.00995342186435,0.955826246496328,0.898720915087795,0.838597022450305,0.775443685284108,0.709284736602502,0.640433937313068,0.571478733897378,0.499916651169692,0.425941488048678,0.349795604445507,0.271768572378367,0.19219370454033,0.125333885001784,0.0892412511484701,0.0705668639375368,0.583495202562119,0.577219405176612,0.569983221184792,0.561848972512704,0.726633850563547,0.7214935090331,0.715335849370097,0.708255213007465,0.700351660774244,0.891635300871041,0.882055563238381,0.871733183903351,0.860788212379604,0.849334573637195,0.837478615076841,0.825318143977891,0.812941894492422,0.80042935383528,0.787850875353959,0.775268009603116,0.762733991451573,0.750294330009871,0.737987457530801,0.725845402539889,0.713894460753574,0.702155844554742,1.0306275637668,1.01924050377726,1.00800607875204,0.996943116838052,0.986066732027899,0.975388807463279,0.96491843011236,0.954662278955996,0.944624969550721,0.934809358253557,0.925216809579602,0.915847430183528,0.906700272863104,0.897773513810975,0.889064606126742,0.880570412360965,0.872287318613491,0.864211332463167,0.856338166767464,0.848663311146823,0.841182092763852,0.833889727814387,0.826781364978953,0.819852121927634,0.813097115833514,0.806511488728746,0.800090428427614,0.793829185648218,0.787723087878304,0.781767550459625,0.955955012878402,0.950277388318103,0.94473097326488,0.939312147987511,0.934017362146752,0.928843139922198,0.923786083933837,0.918842878135049,0.914010289831444,0.909285170957421,0.904664458725519,0.900145175748272,0.895724429717947,0.891399412718143,0.887167400231028,0.883025749895631
1.49483696523755,1.46818571187756,1.439806874488,1.40958000405076,1.37737874250569,1.34393953051434,1.30854805016043,1.2708255090927,1.23063201504207,1.18782787547055,1.14227619364169,1.09384607004088,1.04241645383989,0.987880662732443,0.930151550169538,0.869167245277705,0.804897322353204,0.737349175898206,0.66657428882373,0.594896738405079,0.521184460192061,0.444786776676805,0.365962734554759,0.285027569653898,0.202349061065827,0.129890711894129,0.0903470026644015,0.0705781237917923,0.583262352364544,0.576662302299595,0.569025174951946,0.560422873194716,0.725657566296902,0.720053408463743,0.713370043014272,0.705716169185484,0.897200043280969,0.887752039367213,0.877419733597704,0.866341758039959,0.854650731245668,0.842471138682597,0.829917870086511,0.817095343273132,0.804097125159255,0.791005953962296,0.777894068748102,0.764823760675059,0.751848071820723,0.739011580349548,0.726351223533852,0.713897121858718,0.701673377638228,1.0296742439022,1.01782745558997,1.0061490483007,0.994659665788783,0.983375675947223,0.972309752393244,0.961471394411315,0.95086738835075,0.940502214471571,0.930378403709829,0.920496849010939,0.910857075838514,0.901457476291172,0.892295510989895,0.883367882579694,0.874670684350189,0.866199527133492,0.85794964730399,0.849915998388508,0.842093328500301,0.834476245541478,0.827059271877228,0.819836889964485,0.812803580226558,0.805953852292923,0.799282270572745,0.792783474999033,0.786452197665249,0.960283159623494,0.954266364758348,0.948394774314857,0.942664246904085,0.937070717897766,0.931610206806559,0.92627882295925,0.92107276973865,0.91598834759742,0.911021956043158,0.906170094757056,0.901429363987744,0.896796464340709,0.892268196066708,0.887841457939437,0.883513245797192,0.879280650814541,0.87514085755891,0.871091141879875
1.52415234297399,1.49827484399289,1.47065643621595,1.44116816579595,1.40967363870719,1.37602943343258,1.34104942119624,1.30386545986651,1.26412366716474,1.22166497576373,1.17633104467036,1.12796761231109,1.07642864531896,1.0215813358666,0.963311958789454,0.901532538476235,0.836188192708561,0.767264917195215,0.694797455331545,0.620013651844509,0.544061431912608,0.465111484732797,0.383439676766931,0.299389058881091,0.213366167704796,0.134839124220603,0.0915484755643183,0.0705903635893664,0.583007385361013,0.576049422451256,0.567968296651787,0.559421586484122,0.72454347046234,0.718418131761675,0.71114754397985,0.702857428730698,0.893628051056718,0.883371345718936,0.87221771879129,0.860321909704597,0.847830238794912,0.834878397522458,0.821590042972506,0.808076086188819,0.794434547375591,0.780750849535911,0.767098431015584,0.753539572458442,0.740126351446513,0.726901656160227,0.713900206170214,0.701149543101613,1.0286391467404,1.01629431737048,1.00413601220609,0.992186915268262,0.980464764136996,0.968983054537748,0.957751666104849,0.94677741382552,0.936064530764623,0.925615088201361,0.91542935944213,0.905506133436894,0.895842984012039,0.886436500120551,0.877282482041682,0.868376107976621,0.859712075013166,0.851284717973557,0.843088109238759,0.835116142254702,0.827362601075866,0.819821217988493,0.812485720981876,0.805349872588719,0.798407501406461,0.791652527422837,0.785078982109689,0.958680276349478,0.952444582949763,0.946365624993959,0.94043872405638,0.934659295998556,0.929022859286678,0.923525041249885,0.918161582604286,0.912928340522667,0.907821290487632,0.902836527132124,0.897970264240718,0.893218834060073,0.888578686045007,0.884046385146701,0.879618609734429,0.875292149228441,0.871063901508503,0.866930870154127,0.862890161561894,0.858938981979951
1.55379173634709,1.52876561872402,1.50199269859332,1.47333572722593,1.44264834355038,1.40977527009729,1.37455280684853,1.33787790845446,1.29871240655754,1.25672777461714,1.2117421740019,1.16357529952995,1.11205276363273,1.05701153794455,0.998306512050071,0.935818162424037,0.869461227495658,0.799194155631207,0.725028935055188,0.647040739244604,0.56872540035524,0.487088775301808,0.402387258488927,0.314993755078303,0.225358344561876,0.14023161025394,0.0928586453530471,0.0706037170764527,0.582727022518202,0.575372158161499,0.566797087673063,0.558630459194661,0.723266303174155,0.71655319187817,0.708624703850864,0.699626815099794,0.889562676077578,0.878415633423219,0.866365736386937,0.85358558703668,0.840236299714189,0.826465277332218,0.812404962914789,0.798172400512077,0.783869429319669,0.769583342694576,0.755387862853685,0.741344306629242,0.727502843502027,0.713903771496119,0.700578757850085,1.02751127486217,1.01462514129238,1.00194656049175,0.989500512517939,0.977306225635841,0.965378036102267,0.953726146215957,0.942357287217607,0.931275294949008,0.920481606745463,0.909975688069004,0.89975539708136,0.889817294837728,0.88015690814245,0.870768951427479,0.861647513325879,0.852786212947962,0.844178330252019,0.835816914330814,0.827694872925465,0.819805046023024,0.812140265990782,0.804693406349454,0.797457420982064,0.79042537530832,0.783590470727576,0.956944016090464,0.950473210485575,0.944172088032815,0.938035337876893,0.932057765709108,0.926234303117861,0.920560014430048,0.915030101459847,0.909639906518654,0.904384913985823,0.899260750694453,0.894263185347777,0.889388127147848,0.884631623790685,0.879989858956507,0.875459149405945,0.871035941771843,0.866716809124914,0.86249844737674,0.858377671574018,0.854351412127881,0.850416711015277,0.846570717982621
1.58369144915889,1.55959564768098,1.53375558007619,1.50602610563526,1.47625117521591,1.44426375560404,1.40988603938009,1.37293003891878,1.33438194193047,1.29301460054499,1.24852497738062,1.20070400707915,1.14934539065391,1.09425140485074,1.03524013296241,0.972154178564008,0.904870814657519,0.833313364361894,0.757463405282478,0.677373147727102,0.595379022596622,0.510918290302966,0.422992729893997,0.332006817466883,0.238459437250023,0.146130424906286,0.0942929403043707,0.0706183434981421,0.582417308512619,0.574620073153528,0.565492739789984,0.727724678333416,0.72179497148782,0.714416462759304,0.705748645033075,0.895944531954642,0.884920739342438,0.872793061704439,0.859765638081492,0.846030722593246,0.831765191890826,0.817128431126476,0.802261387268612,0.787286548704427,0.772308612320232,0.7574156222488,0.742680398378866,0.728162110100678,0.713907886670446,0.699954387221703,1.02627757078179,1.01280103727333,0.999556584964217,0.986571780296521,0.973867464574365,0.9614588112888,0.949356250818978,0.937566272197986,0.926092113214809,0.914934350657385,0.904091402347954,0.893559952023821,0.88333530727337,0.873411699770508,0.863782536047311,0.854440606069611,0.845378255958476,0.836587530351856,0.828060289143305,0.819788302655237,0.81176332870958,0.803977174544767,0.796421746075949,0.789089086613183,0.781971406823475,0.955056925818232,0.948332967891362,0.941793296966441,0.935431852551122,0.929242719202784,0.9232201369887,0.917358508873952,0.911652405572792,0.906096568315051,0.900685909907405,0.895415514409008,0.89028063568907,0.885276695091138,0.880399278391952,0.875644132211828,0.871007160007647,0.866484417756401,0.862072109420657,0.857766582269227,0.853564322114806,0.849461948518719,0.845456210003255,0.841589472346823,0.837953431882776,0.834400199156972
1.61377789206052,1.59069171251859,1.56587322679096,1.53917002791404,1.51041690763841,1.47943545124761,1.44603388945602,1.41000731569697,1.37113840418419,1.33050923364773,1.28668130604394,1.23937673400936,1.18835366326438,1.13337489274707,1.07421568575467,1.0106735148004,0.94257978932029,0.869813433879031,0.792315928485246,0.710107096758063,0.624253621449667,0.536830968309654,0.445475142999777,0.350623243971609,0.252828614931123,0.153828254867688,0.0958698488289918,0.0706344339792902,0.582073429327223,0.573780398736935,0.564032227981792,0.726670459587974,0.720090905186701,0.71195613315954,0.70245493096887,0.891695178077839,0.879602388438822,0.866394615008562,0.852302249231229,0.837538922811032,0.822297994929062,0.80675073859102,0.791045899787699,0.775310288887715,0.759650088192552,0.744152605763331,0.72888826013445,0.713912634315216,0.699268485295515,1.02492241199479,1.01079946466074,0.996937407619278,0.983366721517914,0.970109977601001,0.957183148823363,0.944596746209054,0.932356794826711,0.920465665588227,0.908922779477003,0.897725200290438,0.886868130918292,0.876345326821947,0.866149438915118,0.856272296582927,0.846705140178505,0.83743881105512,0.828463906033271,0.81977090217461,0.81135025684326,0.803192487253683,0.795288233040646,0.787628304817685,0.960203586427006,0.952998374638574,0.946001122484783,0.939204708987246,0.932602178816026,0.926186758513336,0.919951868101221,0.913891128907011,0.907998368301571,0.902267621932689,0.896693133936252,0.891269355529657,0.885990942321407,0.880852750616066,0.875849832943874,0.870977433005657,0.866230980190174,0.861606083791849,0.857098527035371,0.852704260991287,0.848419398454332,0.844240207838224,0.840275759128137,0.836490390732037,0.832795160480914,0.829187100178917,0.825663358529714,0.822221196348137
1.64396696195907,1.6219689452415,1.59826095796035,1.57268420304092,1.54506513131736,1.51521464832628,1.48292753027983,1.44798216352853,1.41014075610102,1.36917741630267,1.32619564462458,1.27960054369267,1.2291111247881,1.17444574693323,1.1153303276418,1.05150901526087,0.982757523965754,0.908899134624321,0.829823056128656,0.745504415567662,0.656024620818899,0.565094796126024,0.470092002491423,0.371074706387292,0.268656555994857,0.16427162623393,0.0976117163967449,0.0706522199224363,0.581689467910274,0.572837357015357,0.562387095585789,0.725433423657331,0.718105861470621,0.709108017626235,0.89866432136915,0.886770863824559,0.873487309736727,0.859090568183464,0.843840241080294,0.827972841653351,0.811698503982655,0.79519975339578,0.778631851830721,0.762124249872016,0.745782738139296,0.729691970630139,0.713918114472837,0.698511454280761,1.02342695019865,1.00859330988384,0.994054652082955,0.979844738349912,0.96598796974666,0.952501027295175,0.939394279474896,0.926672978298426,0.914338267510211,0.902388026495849,0.890817572316876,0.879620240444316,0.868787862615046,0.85831115801491,0.848180051841516,0.83838393331119,0.828911863372356,0.819752740804328,0.810895433995915,0.802328884508747,0.794042187517671,0.786024653359838,0.958264853130606,0.950743797545496,0.943450681087869,0.936377260703712,0.929515504742238,0.922857611453063,0.916396021699316,0.910123426990369,0.904032773744223,0.898117264534251,0.89237035694067,0.886785760519626,0.881357432309594,0.876079571221477,0.870946611594124,0.865953216146447,0.861094268513403,0.856364865517907,0.851760309300618,0.847276099406149,0.842907924902988,0.838837733656798,0.834890486611276,0.831041720706273,0.827288035281416,0.823626170416904,0.820053000835713,0.816565530007302,0.813160884460351,0.809836308309422
1.67416352621304,1.65333010279814,1.63082028670389,1.60647004003704,1.58009861570294,1.55150732078576,1.52047841866242,1.48677428452906,1.45013697027296,1.41028838542898,1.36703060465752,1.32136163292244,1.27163251776756,1.21751224594563,1.15867051895834,1.09478911464125,1.02557672778709,0.950787521093046,0.870243267141536,0.783858425895479,0.691666781743873,0.596021638371028,0.497147509528273,0.393638272358467,0.286173502728327,0.175855696659715,0.0995458046740001,0.0706719842080148,0.581258072074737,0.571771238353149,0.560521805876895,0.723972140121251,0.715778963802181,0.705791994539491,0.894239716986585,0.881040221033626,0.866430028482056,0.850726229401877,0.834220490914059,0.817173246557448,0.7998110162241,0.782326169432955,0.764878431649924,0.747597508145483,0.730586317000325,0.713924449455069,0.697671591981271,1.02176823569772,1.00614967097753,0.990866765786525,0.975956966367292,0.961446567213303,0.947352783501657,0.933685509094434,0.920448792718016,0.907642066927018,0.895261163710629,0.883299148277664,0.871746999441007,0.860594161618142,0.849828990099073,0.839439108070043,0.82941169102512,0.819733691679317,0.810392016308911,0.801373661581857,0.79266581936004,0.78425595562962,0.956128991452755,0.948263712917657,0.94064934581582,0.933276280878623,0.926135181113871,0.919217002729348,0.912513008761184,0.906014776879138,0.899714202575226,0.893603498720571,0.887675192292525,0.881922118925915,0.876337415819107,0.870914513424252,0.865647126268784,0.860529243187418,0.855555117187123,0.850719255124286,0.846016407333313,0.841492034210016,0.837256613229077,0.833133323142337,0.829118063936618,0.825206914662896,0.821396125310754,0.81768210895364,0.814061434179509,0.810530817814973,0.807087117947219,0.803727327243007,0.800448566562753,0.797248078864423
1.70426105362269,1.68466498486079,1.66343807204012,1.64041247358343,1.61540174028559,1.58819908767389,1.55857571190956,1.52627925651789,1.49103258429998,1.45253306979822,1.41045270433954,1.36461943587484,1.31590734578138,1.26260045539956,1.20430532589413,1.1406316772517,1.07120842652713,0.995704728535872,0.913856243429737,0.825496217787663,0.730590013439741,0.629975267333833,0.52700279071507,0.418647612659457,0.305659861494214,0.1890078175793,0.101705719139004,0.0706940763520517,0.580769995826468,0.570557124149578,0.559217110885516,0.722233234983133,0.713032664946819,0.701907250251906,0.889016518069135,0.874341461251318,0.858254093833437,0.841116854824851,0.823255910005029,0.804955823078562,0.78645808097154,0.767962421283879,0.749629984866158,0.731587485882286,0.71393179040272,1.03673441793405,1.01991804106491,1.00342823477779,0.987323060893509,0.971644083126065,0.956419485053586,0.941666715732412,0.927394705126876,0.913605699387966,0.900296767468197,0.88746102824326,0.875088642956147,0.863167612586622,0.851684414371238,0.840624506569137,0.829972725909759,0.819713598044832,0.809831577783362,0.800311232878632,0.791137382612213,0.782295200322318,0.953764212104279,0.945522430817098,0.937558147888109,0.929860074716142,0.922417276933631,0.915219197753097,0.908255672047216,0.901516933154635,0.894993614022423,0.888676743980483,0.882557742193262,0.876628408626833,0.870880913201367,0.865307783664807,0.859901892612336,0.854656443988646,0.849564959335392,0.844621263991294,0.839948826604651,0.835509633768918,0.831194243591001,0.826997883400163,0.822916000790141,0.818944252980262,0.8150784965701,0.811314777703423,0.807649322650949,0.804078528812282,0.80059895613468,0.797207318941667,0.79390047816193,0.790675433946734,0.787529318662148,0.784459390243034
1.73414143922172,1.71585005118971,1.6959858686422,1.67437897426785,1.65083908116979,1.62515328003627,1.59708370922202,1.56636523777774,1.53270330194628,1.49577210467422,1.45521347945038,1.41063683780296,1.3618920489181,1.30970571252144,1.25227759265238,1.1891354279387,1.11981442020044,1.04388038478228,0.960960224454271,0.870779828431221,0.77320830431034,0.668305722801256,0.560088573909896,0.446507496906924,0.327460310173695,0.204052414098229,0.104133363541159,0.0707189333548135,0.580213454530248,0.5691630879878,0.728094659555558,0.720147141333897,0.709767182119497,0.8973205306204,0.882817376896726,0.866474429297414,0.848744925484818,0.830041650788481,0.810726768826109,0.79110782767599,0.771438369370662,0.751921593116858,0.73271575798997,0.71394032631196,1.0356812358123,1.01784125661379,1.00037907903403,0.983361082251892,0.966833389259845,0.950825948344017,0.935355948681382,0.920430638711985,0.906049625147731,0.892206730292258,0.878891479938562,0.866090286224003,0.853787381119539,0.84196554771324,0.830606688615249,0.819692263903186,0.809203625092211,0.799122266616516,0.789430012153778,0.960108991273136,0.95113151719065,0.942476332597842,0.934129637761354,0.926078058287664,0.91830868581375,0.910809103438437,0.903567399309904,0.896572171094716,0.889812523497426,0.883278060554004,0.876958874065739,0.870845529251626,0.864929048468907,0.859200893667388,0.853652948096166,0.848277497663203,0.843067212256622,0.838232100023661,0.833568936876661,0.829043158517368,0.824649164818228,0.820381629592405,0.816235486463095,0.81220591531402,0.808288329337913,0.804478362689201,0.800771858737861,0.797164858915272,0.793653592138008,0.790234464791926,0.786904051256054,0.783659084944702,0.780496449845786,0.777413172530766,0.774406414614007,0.77147346563851
1.76367507361018,1.74674830136888,1.72831955089661,1.70821883518706,1.68625426075852,1.66220923523737,1.63583945331757,1.60686972227937,1.57499073833852,1.53985599783533,1.50107912992741,1.45823207801743,1.41084474289727,1.35878207855583,1.30259252174114,1.24036828737027,1.17153630793305,1.09553855575954,1.01186630570277,0.920105316720204,0.819991590293499,0.711475061785341,0.596920816878218,0.477712650965554,0.35200279581405,0.221053871319,0.108828640005334,0.0707471088995744,0.579573200231789,0.567547613656958,0.726731386054686,0.717622030994775,0.705852738288217,0.891795326483853,0.875417760121444,0.857190496999932,0.837641101122554,0.817236837891483,0.796375638669856,0.775384797047902,0.754524912351725,0.733996888175935,0.713950296678521,1.03448884938888,1.01549366472691,0.996939648264122,0.978903018861303,0.961434867525913,0.944566577049978,0.928314285736765,0.912682508718454,0.897667040011966,0.883257254224417,0.869437915533645,0.856190587434489,0.843494722248392,0.831328495832757,0.819669440915511,0.808494922201535,0.797782487804057,0.787510124493004,0.957655000522646,0.948182538945955,0.939071546609851,0.930305454491534,0.921868267758248,0.91374461231877,0.90591976134397,0.898379646562997,0.89111085810693,0.884100635852977,0.877336854577073,0.870808004710223,0.864503170090191,0.858412003784147,0.852524702804334,0.846831982344184,0.841381195644648,0.836310474243138,0.831400061820832,0.826642964256193,0.822032552211292,0.817562541226888,0.81322697265486,0.80902019546334,0.804936848930656,0.800971846227013,0.797120358872076,0.793377802046687,0.789739820732116,0.786202276644886,0.782761235933054,0.77941295759845,0.776153882607786,0.772980623656727,0.769889955550322,0.766878806165466,0.763944247960685,0.761083490000529,0.758293870464472
1.792721209248,1.77720948397421,1.76027929584371,1.74176283991706,1.7214691885848,1.69918097143526,1.67465066948558,1.64759654359462,1.61769826128287,1.58459235594908,1.54786775813377,1.50706179336892,1.46165726071164,1.41108150552939,1.35520320797418,1.29435183151273,1.22647994004752,1.1508837558049,1.06688801230912,0.97389811139936,0.871468842367432,0.759388024780186,0.638119758951447,0.512872392679041,0.379824432574811,0.240415680300419,0.115488485573678,0.0707793150822677,0.578829165929288,0.565655810261763,0.725043514425548,0.714535010788622,0.701118619964003,0.885068268274277,0.866531672586612,0.846179795467958,0.824623917461868,0.802387874341926,0.779902220264016,0.757507671267427,0.735464083196059,0.713962009570579,1.0331276811617,1.01281879424493,0.993030519311565,0.973850731502717,0.955335782434137,0.937517810992558,0.920410654100192,0.904014548542376,0.888319822156639,0.873309759388611,0.858962803700274,0.8452542341653,0.832157429321319,0.819644809677006,0.807688531745359,0.796260991127964,0.785335179704279,0.954880512594371,0.944856553284812,0.935240758131335,0.926013011894902,0.917153985747651,0.908645189135335,0.900468995120679,0.892608646071922,0.885048244981504,0.877772736477669,0.870767880636054,0.86402022196133,0.857517055334473,0.851246390277375,0.845196914542074,0.839509734264644,0.834144524019781,0.828959868767058,0.823947375561266,0.819099119081244,0.814407614139991,0.809865789496407,0.8054669630059,0.801204818116951,0.797073381697995,0.793067003162128,0.78918033484781,0.785408313602962,0.781746143518248,0.778189279750789,0.774733413378962,0.77137445722946,0.768108532618456,0.764931956951145,0.761841232124544,0.758833033682708,0.755904200674609,0.75305172616837,0.750272748378154,0.747564542361688,0.744924512251006
1.82112867487861,1.80707070321492,1.79169001409362,1.77482342670924,1.75628383890719,1.73585642332026,1.71329426222319,1.68831338746974,1.66058722412097,1.62974049414842,1.59534273334346,1.55690172900078,1.51385742294145,1.46557717451031,1.41135377386476,1.35104106934315,1.28469394429463,1.21008009289465,1.12632375082466,1.03260207604881,0.928227105952137,0.812753178343127,0.686104620430291,0.552742864533746,0.411607248721693,0.262658737277314,0.123164524276797,0.0708164834293235,0.577954427416736,0.563413732028849,0.722928298054289,0.710719135570766,0.895312904611796,0.876815451360022,0.855792845725224,0.833055285802851,0.809305211819022,0.785121166056437,0.760958572427326,0.737160902095969,0.713975868063316,1.03155914888727,1.00974338043872,0.988549355619645,0.968078738592555,0.948393158629902,0.929524245204554,0.91148156665952,0.894258801095093,0.877838465231771,0.862195494116575,0.84729992055887,0.833118858327289,0.819617952339077,0.806762424182467,0.794517812638134,0.782850485862622,0.951718198647593,0.941076276680248,0.930898753805018,0.921160904727147,0.911839098895844,0.902910855346617,0.894354862167911,0.886150970546868,0.878280170897195,0.870724556704557,0.863467280296476,0.856492503666323,0.849785346653444,0.843331834161023,0.837379293534694,0.831684027087137,0.826193626521349,0.820897902991105,0.815787276745523,0.810852738370403,0.80608581210225,0.801478521243081,0.797023355658742,0.792713241312567,0.788541511763392,0.784501881542723,0.780588421318484,0.776795534745818,0.773117936906507,0.769550634237841,0.766088905853907,0.762728286166963,0.759464548719141,0.756293691140472,0.753211921152835,0.750215643545814,0.74730144805314,0.744466098065166,0.74170652011573,0.739019794087444,0.736403144081772,0.733853929906144,0.731369639132589
1.84873698424668,1.836157487558,1.82236231708974,1.80719546782763,1.7904767223247,1.7719974433437,1.75151562934377,1.72875013590459,1.70337397919448,1.67500667272898,1.64320562093498,1.60745672536322,1.56716458550627,1.52164304342726,1.47010739162302,1.41167040807862,1.34614085471456,1.27322113692177,1.19042880366397,1.09665835613469,0.990902678727998,0.872386504247229,0.74073916885476,0.598269060703311,0.448228134530857,0.288466569387638,0.132107497201104,0.0708598564730164,0.576912050578658,0.560719625806262,0.720240798338761,0.705943912749195,0.888007340584053,0.866608186173021,0.842730142351857,0.817333316124518,0.791213770816744,0.764995990626239,0.739145622482104,0.713992409923821,1.02973196253439,1.0061706555019,0.983362085082807,0.961424123385703,0.940423115486847,0.920387922294098,0.901320746075494,0.883205317916721,0.866012994201326,0.84970723442658,0.834246847282647,0.819588311515457,0.805687408944104,0.792500350555971,0.959984339445265,0.948080497736854,0.936741827829632,0.925936075914265,0.91563242146227,0.90580159625346,0.896415936039127,0.887449384752254,0.878877465943435,0.870677232220976,0.862827200563622,0.855307279219098,0.848098690292716,0.841246904071124,0.834931554058215,0.828864000858983,0.82303084505175,0.817419554294695,0.812018404084084,0.806816421814272,0.801803334228864,0.796969518252944,0.792305955131759,0.78780418775768,0.783456281036229,0.779254785128367,0.775192701395272,0.771263450872757,0.767460845101322,0.763779059146633,0.760212606648574,0.756756316748537,0.753405312751168,0.750154992386668,0.747001009549579,0.743939257397497,0.74096585270326,0.738077121360587,0.735269584952925,0.732539948300924,0.729885087910754,0.72730204125317,0.724787996807323,0.722340284809804,0.719956368653338,0.717633836885878
1.87537787568536,1.8642853755323,1.85209410122086,1.83865777842297,1.82380621047099,1.80734078520822,1.78902908312307,1.76859842118866,1.74572815407426,1.72004055596513,1.69109013646421,1.65835132712265,1.621204650301,1.57892181084006,1.53065072553101,1.47540245452981,1.4120434838054,1.34028773370981,1.25937243876216,1.16646813600643,1.0601580088156,0.93921139185771,0.802809943834755,0.65083308899264,0.490829410590302,0.318752680300756,0.142657576419526,0.0709111293636688,0.57565005246365,0.558781605627104,0.716772048157867,0.699885507114466,0.878702911114185,0.853874758731598,0.826735918932287,0.798410774018959,0.769781313602517,0.741498013978998,0.714012369000318,1.0275764337668,1.00197016241552,0.977289706004122,0.953671685689361,0.931185441752415,0.909853109744579,0.88966462218371,0.870588685994346,0.852580677131871,0.835588229216452,0.819555126730033,0.804423967954877,0.790137944755918,0.956639653609402,0.943851421196702,0.931721849372625,0.920209784388758,0.909276191581611,0.898884284057987,0.888999556894541,0.879589757611068,0.870624814912713,0.862076741340905,0.853919520869394,0.846128989155785,0.838867281067933,0.83208928325715,0.825598857428961,0.819379173839452,0.8134145851205,0.8076905376826,0.802193488798697,0.79691082940546,0.791830812509638,0.786942486989913,0.782235636526477,0.777700723354016,0.773328836520927,0.769111644335388,0.765041350681373,0.76111065490515,0.757312714982944,0.753641113701058,0.750089827596386,0.746653198424027,0.743325906936441,0.740102948776972,0.73697961230483,0.733951458186608,0.731014300601338,0.728164189921614,0.725397396743599,0.722710397151213,0.72009985910985,0.717562629893776,0.715095724460608,0.712696314693787,0.71036171944093,0.70808939528262,0.705876927971268,0.703722024486992
1.90087730441111,1.89126205776918,1.88067281253101,1.86897545348728,1.85601286056549,1.84160028212983,1.82551967880149,1.80751280472049,1.78727275003301,1.76443362732542,1.73855805638925,1.70912210677507,1.67549743411038,1.6369305610712,1.59251972050049,1.54119057938034,1.48167377496822,1.41248989633081,1.33317469164817,1.242330925647,1.13663384930833,1.01424013387715,0.873669935537692,0.714207121124158,0.540919354874704,0.354763311729613,0.157739461049175,0.070972676611065,0.574093036341442,0.72685285368341,0.712213323865374,0.891996129990538,0.866715546367975,0.837848088936284,0.807026564277571,0.775540017625712,0.744330218047,0.714036773554977,1.02499543408721,0.996961806040193,0.97008799620906,0.944531547243617,0.920360791497821,0.897584240663369,0.876171724370657,0.856069243967291,0.837209205041726,0.819517332649846,0.802917246406634,0.787333407133491,0.952685020215385,0.9388740347021,0.9258401056117,0.913529670856322,0.901892383683775,0.890881231277815,0.880452519865668,0.870565774911688,0.861183589848887,0.852271446188854,0.843797520426001,0.836060126793458,0.828748001334475,0.821773546667398,0.815115233094435,0.808753184357984,0.802669040775611,0.79684583251556,0.791267862861123,0.785920601083029,0.780790584399737,0.775865328436911,0.77113324556268,0.766583570476469,0.762206292446589,0.757992093618366,0.753932292851197,0.750018794582398,0.746244042251808,0.742600975863398,0.739082993294746,0.735683915002843,0.732397951805071,0.729219675446476,0.726143991691288,0.723166115702804,0.720281549497484,0.717486061281933,0.714775666498122,0.712146610421605,0.709595352170348,0.707118549997566,0.704713047753504,0.70237586241219,0.700104172569175,0.697895307825865,0.695746738983452,0.693656068977027,0.691621024486847,0.689639448169905
1.92505788929773,1.91689009080078,1.90787842886256,1.89790310186311,1.88682285617987,1.87447040471037,1.86064673238295,1.84511399740288,1.82758666231825,1.8077204007086,1.78509822704957,1.75921320055074,1.72944698561532,1.69504356902192,1.65507764892732,1.60841783198819,1.55368617159519,1.48921836573752,1.41303403162836,1.3243472496229,1.22086032824432,1.09851834497898,0.954893420363068,0.788300120399313,0.600515683851501,0.398238420267698,0.180220101779008,0.0710479303062098,0.572127673881458,0.724196893179028,0.706095919336172,0.881389940869457,0.851080057430651,0.817495657967579,0.782596061799593,0.747804950761741,0.714067110366771,1.02184945476871,0.990889972325518,0.961415295853724,0.933604414323986,0.907516140831151,0.883133273336435,0.860392876961174,0.839206505853936,0.819473389305186,0.801088815672533,0.78394929703312,0.947936683912905,0.93293071209178,0.91885463102189,0.905637096409664,0.893211792669935,0.881517488037623,0.870497901219198,0.860101457978265,0.850280989082156,0.841065682181182,0.832697891565512,0.824762820885574,0.817229710042423,0.810070418930229,0.803259188815043,0.796772422745746,0.790588484871454,0.784687517942143,0.779051277927549,0.7736629845132,0.768507186173049,0.76356963852256,0.758837194706032,0.754297706646928,0.749939936075562,0.745753474339053,0.74172867009069,0.737856564041533,0.734128830039522,0.730537721817453,0.727076024819746,0.72373701258156,0.720514407189895,0.717402343407248,0.714395336084217,0.711488250527645,0.708676275526352,0.705954898770932,0.703319884428901,0.700767252665642,0.698293260921141,0.695894386774467,0.693567312244095,0.691308909389137,0.689116227090324,0.686986478900931,0.684917031870656,0.682905396253783,0.680949216023,0.679046260116937,0.677194414357137,0.675391673977135
1.94774179084055,1.94097016725854,1.93348715875263,1.92518900159817,1.91595262891648,1.90563132631904,1.89404925189386,1.88099448905005,1.8662101980863,1.84938329917153,1.83012994973599,1.8079768699378,1.7823373265799,1.75248033608778,1.7174914667924,1.67622368674698,1.62723739275694,1.568730821167,1.49846688089489,1.41371243512416,1.31310309336237,1.19299967141201,1.04823121686784,0.875593293472795,0.673490299417149,0.451670864301254,0.20917038776195,0.0711420426821075,0.569576141067223,0.720427743691246,0.897683040822649,0.866876923242847,0.83042256009131,0.791429978886355,0.752167467436889,0.714105612374755,1.01793074769388,0.983379734341609,0.950779435022547,0.920325952663477,0.89205102508179,0.865890283480855,0.841727276506577,0.819420984629149,0.798822490762377,0.959784450338006,0.942129070593886,0.925710794912956,0.910424135791446,0.896171434191261,0.882863181621722,0.870417875164388,0.858761611704897,0.847827550171437,0.837794601953044,0.828596750406795,0.819926856676583,0.811743233987233,0.804008154282382,0.796687441271587,0.789750102000283,0.783167995532172,0.776915536367923,0.77096942976774,0.765308436004115,0.759913160616212,0.754765867892361,0.749850315011992,0.745151604510539,0.74065605296428,0.736351074016579,0.732225074077849,0.728267359225101,0.724468051997657,0.720818016946795,0.717308793928641,0.71393253825641,0.710681966933672,0.707550310283331,0.704531268372516,0.701618971702183,0.698807945697126,0.696093078583732,0.693469592295079,0.690933016080929,0.688479162542169,0.686104105836613,0.683804161836165,0.681575870036677,0.679415977046312,0.677321421496587,0.67528932023619,0.673316955685805,0.671401764241123,0.669541325626868,0.667733353112288,0.665975684509689,0.664266273883564,0.662603183907397,0.660984578810371
1.96875396803004,1.96330488998568,1.95727580915905,1.95058014141511,1.94311465183639,1.93475553426083,1.92535340126626,1.91472683817631,1.9026540526871,1.88886198426259,1.87301200805279,1.85468105605616,1.8333365602179,1.80830307844441,1.77871779716473,1.74347138181137,1.70113010919793,1.64983550289352,1.58718031556395,1.51006792857569,1.41458246959514,1.29829710421245,1.15545000398896,0.979099062208495,0.765148076031726,0.518734945510963,0.246294085184138,0.0712631181185662,0.566144308747438,0.71489030039012,0.885512930494885,0.84663355464675,0.80278022153668,0.757805062809738,0.714155793918685,1.01291598596858,0.973858967922451,0.937446474612871,0.903874425489887,0.873111302935951,0.84500681428064,0.819356481232696,0.795938513716682,0.954528984929655,0.934863720520682,0.916755223706189,0.900051621300528,0.884614811765109,0.870320477431578,0.857057390600738,0.844726383935044,0.833687487820343,0.823481768981312,0.813934166808231,0.804986268441203,0.796585921151248,0.788686496841965,0.781246239883283,0.774227692434419,0.767597190030965,0.761324419868777,0.755382034444836,0.749745313731235,0.744391869708323,0.73930138776191,0.734455400109528,0.729837087035214,0.725431102265074,0.721223419308254,0.717201196020463,0.713352655020848,0.709666977919861,0.706134211595819,0.702745184996302,0.699491435151949,0.696365141263673,0.69335906587865,0.690466502301992,0.687681227501145,0.684997459859166,0.68240982121407,0.67991330269421,0.677503233921566,0.675175255207102,0.672925292409542,0.670749534168786,0.668644411259346,0.666606577840052,0.664632894402208,0.662720412241078,0.660866359296569,0.659068127224643,0.657323259579094,0.655629440993438,0.653984487267641,0.652386336272725,0.650833039596479,0.649322754861072,0.647853738651122,0.64642433999666
1.98792573072205,1.98370295631877,1.97902671954283,1.97382804125428,1.96802430154519,1.96151590344287,1.95418196122103,1.94587468140617,1.93641197619678,1.92556766564062,1.91305836129998,1.89852574337623,1.88151239227217,1.86142854041189,1.83750597487498,1.80873374123729,1.77376821726997,1.73080771150134,1.67741988075611,1.61031178652364,1.52504496097287,1.4157395989229,1.27792892234723,1.1022264099237,0.878795967407035,0.605009352731599,0.295357695674882,0.0714246810222856,0.561312437765155,0.706399870100008,0.867146441957281,0.817823062035831,0.765366020296868,0.714223523880974,1.00627340219194,0.961411277020029,0.920275665227692,0.883010838746351,0.849446140072545,0.819273807920134,0.792143213567464,0.947688243722363,0.925514703828054,0.905356570485675,0.886985040721265,0.870197000033082,0.854813867963254,0.840766986087144,0.828374922756114,0.816922592393931,0.806312578544015,0.7964595775627,0.787288759006367,0.77873433790733,0.770738342697051,0.763249557535718,0.756222616881782,0.749617231261212,0.743397525213955,0.73753147070378,0.731990401561898,0.726748596643354,0.721782921245009,0.717072517960222,0.712598539531667,0.708343917442194,0.704293160973661,0.700432182292303,0.696748143819035,0.693229324721198,0.689865003851751,0.686645356867381,0.683561365601174,0.680604738048159,0.677767837566959,0.675043620100498,0.672425578390581,0.669907692307289,0.667484384533379,0.665150480951594,0.662901175167903,0.660731996682013,0.658638782278433,0.656617650268416,0.654664977259141,0.65277737716929,0.650951682241673,0.649184925838356,0.647474326826169,0.645817275385546,0.644211320094389,0.642654156156181,0.641143614656705,0.639677652746534,0.638254344657892,0.636871873474931,0.6355285235855,0.634222673749122,0.632952790723616,0.631717423399921
2.00509847334162,2.00198361670785,1.99853310220985,1.99469516596225,1.99040757805699,1.9855950024877,1.98016555297827,1.97400625603724,1.96697701274597,1.95890247448881,1.94956098533239,1.93866934830828,1.92586157037284,1.91065881357417,1.89242634148014,1.87031100976803,1.84314937437158,1.80933119735565,1.76659545976229,1.71172622507864,1.64010786652743,1.5451099931598,1.41735531986389,1.24816761834994,1.02133099595675,0.722396286391845,0.363059435424525,0.0716511162753446,0.727213922691709,0.892599300413054,0.838475631878186,0.776019468972187,0.714319394295971,0.997063990916803,0.944477018928499,0.897402538044779,0.855788837519622,0.819162015193017,0.786921881378689,0.938418446347972,0.913040367738564,0.890366455360157,0.870031746656628,0.851722846745041,0.83552757362568,0.821232656756551,0.80820585738089,0.796293482008647,0.785364269672276,0.775305775038397,0.766021336502974,0.757427553442863,0.749452194156752,0.74203246239549,0.735113559851101,0.72864749184643,0.722592072538277,0.716910093813799,0.711568628666492,0.706538445283479,0.70179351251426,0.697310580991412,0.693068827079566,0.689049549178114,0.685235907794008,0.681612702334454,0.678166178811087,0.674883863649719,0.67175441962301,0.668767520589207,0.665913742270135,0.663184466748563,0.660571798739053,0.658068491987115,0.655667884411926,0.653363840813196,0.651150702140804,0.649023240475456,0.64697661898749,0.645006356249086,0.643108294360617,0.641278570427087,0.639513590983667,0.637810009022033,0.636164703316244,0.634574759785415,0.633037454664176,0.631550239279888,0.630110726262155,0.628716677029971,0.627365990421425,0.626056692346115,0.624786926355544,0.623554945037914,0.622359102154559,0.621197845445073,0.62006971003626,0.618973312395526,0.617907344778847,0.616870570125528
2.02012744852641,2.01798123322335,2.01560457396278,2.01296166819483,2.01000936048017,2.00669524400191,2.00295516536623,1.99870990950881,1.99386074388375,1.98828335419121,1.98181947936054,1.97426520463984,1.96535432016476,1.95473426479678,1.94193071992673,1.92629448830415,1.90692016525228,1.88251899523384,1.85121594738393,1.81021970930838,1.7552788968944,1.67978625208608,1.5733501386308,1.41977167309254,1.20066507610681,0.885194438235728,0.462015581715742,0.0719913083899639,0.720985141512871,0.867686798188288,0.792089509875756,0.714464668423707,0.983464335720258,0.920186604892557,0.865585096449572,0.818999143821794,0.959282499636087,0.925151200843303,0.895572786537574,0.869793262851873,0.847186137829424,0.827976301323667,0.81111667309357,0.79605773293428,0.78253716294702,0.770338823763074,0.759283650073764,0.749222422587707,0.740030052438709,0.731601060617541,0.723845993153653,0.716688566838254,0.710063385566249,0.703914103546538,0.698191939811785,0.692854470176311,0.68786463941744,0.683189949177388,0.678801786824528,0.674674867989508,0.670786771253433,0.667117547924812,0.663649393306927,0.660366368562734,0.657254164409117,0.654299899548579,0.651491948074467,0.648819791142628,0.646273889049515,0.643845570537962,0.641526936700322,0.639310777295087,0.637190497657087,0.635160054676082,0.633213900565997,0.631346933345143,0.629554453115133,0.627832123366181,0.626175936649092,0.624582184052322,0.623047428002249,0.621568477974695,0.620142368760596,0.618766340980002,0.617437823576983,0.61615441806703,0.614913884334932,0.613714127808514,0.612553187856211,0.611429227274391,0.610340522747098,0.60928545617505,0.608262506783471,0.607270243928172,0.606307320529331,0.605372467069154,0.604464486099894,0.603582247209849,0.602724682405351,0.601890781868855
2.0328854188836,2.03154973308868,2.03007261889323,2.0284321293236,2.02660177635266,2.02454934115262,2.02223530226158,2.01961073456774,2.01661446521397,2.01316917038024,2.00917593782098,2.00450656733633,1.99899247125591,1.99240835582646,1.98444770407285,1.97468504963251,1.96251636990349,1.94706211746539,1.92700432306876,1.90030322205826,1.86368574426473,1.8116877486193,1.73480616504,1.615913077392,1.42378335726355,1.11330247632157,0.618501599633069,0.0725597269069294,0.707310137625746,0.818814755770068,0.714709243829854,0.961426635048592,0.882685594336233,0.818733740492032,0.947019248170797,0.904609925419547,0.869407934395685,0.839996747735115,0.816144896003484,0.795682401245482,0.777962474381745,0.762485769271543,0.748862979625062,0.736787381240622,0.726014759293935,0.716348682730573,0.707629622993765,0.699726840953468,0.692532278861741,0.685955916261409,0.679922204508308,0.674367303529149,0.669236920931253,0.664484607605103,0.660070402403321,0.655959746075902,0.65212260461285,0.648532756736753,0.645167211036062,0.64200572621278,0.639030413904125,0.636225408052134,0.633576588236228,0.631071347013523,0.628698393349276,0.626447585797913,0.62430979033203,0.622276758687562,0.620341023865374,0.618495810039829,0.616734954616683,0.615052840576063,0.613444337556755,0.611904750393366,0.610429774034438,0.609015453937323,0.607658151181354,0.606354511658857,0.605101438797705,0.603896069354424,0.60273575188231,0.601618027536427,0.600540612925692,0.599501384761743,0.598498366089501,0.597529713912729,0.596593708052408,0.595688741097648,0.594813309325753,0.593966004484699,0.593145506344227,0.592350575932212,0.591580049385119,0.590832832347651,0.590107894865669,0.589404266722211,0.588721033173138,0.58805733104198,0.587412345139984,0.586785304980421
2.04326601460333,2.04256673493847,2.04179569368087,2.04094192133253,2.03999218932051,2.03893041636817,2.03773688241013,2.03638717479082,2.0348507565495,2.03308899262819,2.03105238478506,2.0286766289587,2.02587688263952,2.02253924636269,2.01850779389607,2.01356427744595,2.00739537189155,1.99953790684176,1.98928350521154,1.97550457208266,1.95631897508306,1.92840147616165,1.88546182327788,1.81459301894048,1.68678669821172,1.43175656491198,0.904349319616704,0.0747724826281046,0.869315210222518,0.715204316110857,0.919940905195867,0.818210307161589,0.924113361810602,0.868653754786034,0.826866892194988,0.794956862683752,0.769262922782977,0.748178436631974,0.73059108223211,0.715712212428278,0.702969761367186,0.691939966406582,0.682302905923509,0.673812894472832,0.666278339786404,0.659547756033058,0.653499867092146,0.6480364813423,0.643077279497206,0.638555945740036,0.634417257154178,0.63061486688203,0.627109596330885,0.623868105628752,0.620861848423897,0.618066242758221,0.615460007795624,0.613024629053883,0.610743924080097,0.608603687277445,0.606591397589379,0.604695976461628,0.602907586293129,0.601217461702779,0.599617767554439,0.598101478923149,0.596662279154218,0.59529447291426,0.593992911727291,0.59275292995703,0.591570289564786,0.590441132274055,0.589361938010167,0.588329488673806,0.587340836470369,0.586393276138725,0.585484320531903,0.584611679088038,0.583773238799341,0.582967047348019,0.582191298127763,0.581444316908091,0.580724549936406,0.580030553299403,0.57936098339186,0.578714588360134,0.578090200406322,0.577486728853934,0.576903153888422,0.57633852089711,0.575791935343313,0.575262558115583,0.574749601303002,0.574252324350294,0.573770030554435,0.57330206386728,0.572847805974511,0.572406673621921,0.571978116166178,0.571561613328061
2.05118662664731,2.0509371248387,2.05066368107828,2.05036279790068,2.05003027902361,2.04966104929213,2.04924891692071,2.04878625557871,2.04826357343052,2.04766892008483,2.04698705685849,2.04619827440551,2.04527667308556,2.04418760408292,2.04288376219653,2.04129904236573,2.03933854988116,2.03686171151065,2.03365239075578,2.02936306327787,2.02340348658422,2.01470004168392,2.00111981019493,1.97789737792167,1.93249862815581,1.82313233523087,1.45530550943246,0.0872299288969862,0.716724345885365,0.816637446441594,0.866406549972644,0.792817859339554,0.746184182786822,0.713882383931321,0.690261742410449,0.672266802902753,0.658114902125116,0.646700366398795,0.637302650712208,0.629432769500347,0.622747506169582,0.616999015009115,0.612003926033445,0.607623702486049,0.603751753024059,0.600304740408105,0.597216577075685,0.594434187359538,0.591914459033142,0.589622012609928,0.58752754368366,0.585606573777786,0.58383849698626,0.582205843857159,0.580693706918252,0.57928928792583,0.577981537788589,0.57676086778076,0.575618916110716,0.574548357856033,0.57354274915227,0.572596398646928,0.571704260811119,0.570861846895864,0.570065150219538,0.569310583167526,0.568594923816734,0.567915270513613,0.567269003055231,0.56665374938257,0.566067356891619,0.565507867634831,0.564973496809663,0.564462614037197,0.56397372701875,0.563505467223802,0.563056577321759,0.562625900114775,0.562212368766139,0.561814998150698,0.561432877179893,0.561065161976223,0.560711069788599,0.560369873557263,0.560040897047666,0.559723510486637,0.55941712664,0.55912119728086,0.558835210004168,0.558558685348407,0.558291174190151,0.558032255382135,0.557781533608647,0.557538637435228,0.557303217532215,0.557074945054606,0.55685351016258,0.556638620668102,0.556430000795439,0.556227390045387
2.05659068087179,2.05659587740381,2.05660141811375,2.05660734555496,2.05661370959419,2.05662056905306,2.05662799381244,2.05663606753928,2.0566448912621,2.05665458811991,2.0566653097597,2.05667724509118,2.05669063247795,2.05670577704853,2.05672307582339,2.05674305510874,2.05676642775708,2.05679418379816,2.05682773954772,2.05686919446647,2.05692179890182,2.05699086625086,2.05708571309621,2.05722428302727,2.0574460274732,2.05785692014096,2.05884655471741,1.76861365168211,0.50860304523196,0.524973427581532,0.530278389165095,0.532906269659985,0.534477213169156,0.535523503917222,0.536271385594229,0.536833368195527,0.537271716708937,0.537623682247548,0.537912916708744,0.538155159553044,0.538361291183677,0.538539073692052,0.538694193296421,0.538830910808606,0.538952481939606,0.539061437166506,0.539159773018314,0.539249085852508,0.539330667330753,0.539405573804507,0.539474677565037,0.539538705259417,0.53959826706916,0.53965387914569,0.539705981049967,0.539754949452117,0.539801108989458,0.539844740951861,0.539886090283139,0.539925371267544,0.539962772181254,0.539998459122229,0.540032579182115,0.540065263089431,0.540096627423324,0.540126776477442,0.540155803836756,0.54018379371759,0.54021082211121,0.540236957764424,0.540262263022402,0.540286794556786,0.540310603997337,0.540333738479533,0.540356241123929,0.540378151454518,0.540399505765686,0.540420337445989,0.540440677262985,0.540460553615525,0.540479992757286,0.540499018995881,0.540517654869495,0.540535921305348,0.540553837760919,0.540571422350733,0.540588691960364,0.540605662348864,0.540622348241123,0.540638763411471,0.540654920758978,0.540670832376024,0.540686509610302,0.540701963121357,0.540717202932023,0.540732238474914,0.540747078635744,0.54076173179207,0.540776205849104,0.540790508272781
2.0594491674692,2.05950995455144,2.05957107340599,2.05963198750068,2.05969196283325,2.05974999852106,2.05980473029662,2.05985429479254,2.05989613624873,2.05992672730527,2.05994115930484,2.05993253046,2.05989101395418,2.05980240660814,2.05964581081832,2.05938982391992,2.05898606266347,2.05835772685158,2.05737846634725,2.05583116799081,2.05332217147229,2.04908777862531,2.04151127202036,2.02674773835785,1.99566064830625,1.91391479348321,1.60107461701106,0.622536996549972,1.43476174521642,1.57498924261641,1.55763230328036,1.60930121667062,0.4370640034038,0.460184641619968,0.426835414672628,0.439218318032499,0.448784519841325,0.456392625139321,0.462585817712048,0.467724049835506,0.472055077422863,0.475754906152475,0.478951954828962,0.481742088480948,0.484198300933387,0.486377140824927,0.488323089330916,0.490071611927845,0.491651329702394,0.493085592651792,0.494393638506488,0.495591458994438,0.496692456164879,0.49770794578154,0.498647547773715,0.499598023911511,0.501040159853683,0.502386036076405,0.50364502625481,0.504825325848973,0.505934131498547,0.506977788622992,0.507961913609446,0.508891495548712,0.509770981403329,0.510604347671195,0.511395160978123,0.512146629543401,0.512861647082953,0.513542830415558,0.514192551799996,0.514812966844916,0.51540603868367,0.515973558982242,0.516517166256096,0.517038361888146,0.517538524178048,0.51801892069924,0.518480719197088,0.518924997224611,0.519352750683568,0.519764901413471,0.520162303949248,0.520545751552899,0.520915981607341,0.521273680451325,0.521619487720037,0.52195400025098,0.522277775603842,0.522591335238937,0.522895167392062,0.523189729678341,0.523475451455757,0.523752735972848,0.524021962323212,0.52428348722719,0.524537646658562,0.524784757330697,0.525025118057253,0.525259010998901
2.05976134053218,2.05967916793503,2.05957321944568,2.05943832910649,2.05926804340222,2.05905423891785,2.05878660491983,2.05845193454131,2.05803314077035,2.05750787037359,2.05684652003254,2.05600934642593,2.05494217353671,2.05356987635037,2.05178624594563,2.04943778975085,2.04629702375562,2.04201685922719,2.03604948135849,2.0274951645256,2.01480476012482,1.99665728312531,1.96736608115239,1.91513955520476,1.8138606455965,1.59808166656707,1.12403898816445,0.615571834867625,1.05725936297036,1.45556217170827,1.67670680021551,1.58188235848983,1.63819450063051,1.56189324500818,1.5913122737726,1.61186475120807,0.42698866047362,0.439066993313383,0.451672813951285,0.462129094649747,0.47093658328346,0.428453287546006,0.434944209225344,0.440605524030998,0.445585762943776,0.450000203126353,0.453939633017392,0.457476496700702,0.460669284490332,0.463565724974617,0.466205142269421,0.468620221715121,0.470838349736103,0.47288264271492,0.474772745735006,0.476525458941213,0.478155233314872,0.479674566491367,0.481094321320418,0.482423984173837,0.483671875866092,0.484845325011557,0.485950811385879,0.486994085167396,0.487980266657091,0.488913930101076,0.489799174492957,0.490639683651789,0.491438777422588,0.492199455491524,0.492924435026968,0.493616183138147,0.494276944964056,0.494908768062479,0.495513523656175,0.496092925197484,0.496648544637614,0.497181826725808,0.4976941016098,0.498186595968808,0.498660442874465,0.499116690546051,0.499663452086598,0.500416825325588,0.501143882988796,0.501845994244553,0.50252443495177,0.503180395471471,0.503814987706592,0.504429251458275,0.505024160173996,0.505600626154655,0.50615950527942,0.506701601299208,0.507227669744032,0.507738421484058,0.508234525980608,0.508716614256222,0.509185281613615,0.509641090127086
2.05755455088928,2.05713595599447,2.05664653378405,2.05607275499569,2.05539793164073,2.05460132045641,2.0536569213875,2.05253184844228,2.05118409260535,2.04955940743547,2.04758690789639,2.04517274821085,2.04219087606597,2.03846924221141,2.03376878042606,2.02775059078076,2.01992333060107,2.0095663390861,1.99699639380751,1.97932487420513,1.95376877096351,1.91555766600471,1.85617370335616,1.75985391030191,1.59706367993508,1.31586092284416,0.888070882190587,0.613201074471418,0.87391055399918,1.22799698367997,1.4623858499648,1.62582489865846,1.52307586637906,1.58414167766049,1.62453073930477,1.6562211590335,1.56330280507375,1.58388890823814,1.5999385254724,1.61271954314022,0.423126287394879,0.431957410220714,0.439889857997246,0.448502231724671,0.456079115486353,0.462794332755957,0.468785306013792,0.474162013631864,0.429013705634411,0.433414547600309,0.437424371855585,0.441092729296864,0.444461194766548,0.447564899884008,0.450433727486807,0.453093251278537,0.45556548159958,0.457869462222174,0.46002175161771,0.462036813866301,0.46392733832119,0.465704502677337,0.467378190756912,0.468957173823141,0.470449262332144,0.47186143358045,0.473199939587572,0.474470398684383,0.475677873600621,0.47682693831218,0.47792173548697,0.478966026032806,0.479963231984022,0.480916473745306,0.481828602539513,0.482702228763402,0.483539746839071,0.4843433570564,0.485115084821531,0.485856797663723,0.486570220298392,0.487256948000742,0.487918458506579,0.488556122625546,0.48917121372641,0.489764916231725,0.490338333240368,0.490892493380093,0.491428356979724,0.491946821638311,0.492448727258632,0.492934860604182,0.493405959431579,0.493862716243559,0.494305781702793,0.494735767741246,0.495153250397134,0.495558772405778,0.495952845569777,0.496335952929842
2.05288322702958,2.05194409623658,2.05086615810306,2.04962431894428,2.0481878433351,2.04651880561294,2.04457003241642,2.04228233918139,2.03958077483312,2.03636945439549,2.03252435196405,2.02788310175773,2.02223033725061,2.01527625782303,2.00695388036216,1.99717056101023,1.98453929495123,1.96797550768322,1.94586870970226,1.91577172901336,1.87387933250077,1.81415146037397,1.72687754728957,1.59655255432807,1.3997070988016,1.11685224571597,0.757687194275966,0.611997958222347,0.772655390069505,1.0712150742733,1.29679437445565,1.46577865506489,1.59524416516903,1.68234497275108,1.54236379248157,1.5852673977183,1.61675302314904,1.64039629827175,1.66457411101319,1.56401077695561,1.57984638324317,1.5929328985173,1.60388453715561,1.61315301854172,0.421089994483989,0.428080113169821,0.434311290511434,0.440313136223537,0.446854828394263,0.452789190043079,0.458195898847834,0.463141456129683,0.467681770592341,0.47186416372497,0.475728940867828,0.429310957905816,0.43264069126822,0.435743728221827,0.438642299674629,0.44135584327883,0.443901425774844,0.446294091446562,0.448547151248156,0.450672423995735,0.452680438594912,0.454580604417514,0.456381355502057,0.458090273130436,0.459714190454739,0.461259282155208,0.462731141558692,0.464134847209644,0.465475020533217,0.466755875944448,0.467981264531171,0.469154712247491,0.47027945340388,0.471358460114653,0.472394468258272,0.473390000422295,0.474347386232084,0.475268780404715,0.476156178817867,0.477011432844075,0.477836262163651,0.478632266241363,0.479400934626404,0.480143656213175,0.480861727583583,0.481556360534815,0.482228688883802,0.482879774627771,0.483510613531447,0.484122140201128,0.484715232700504,0.485290716755116,0.48584936958809,0.486391923423684,0.486919068692065,0.487431456964602
2.04582706890024,2.04419644050586,2.04234083538475,2.04022109325249,2.03778953051494,2.03498767843431,2.03174330578937,2.02796646127236,2.02354415813413,2.0183331564815,2.01215004789843,2.0052854208684,1.99727866184236,1.98745562762797,1.97528538279796,1.96004238115541,1.94072054624112,1.91590378705188,1.88356940447392,1.84078964918942,1.78328550567844,1.70479009728796,1.59624633109071,1.44512992591437,1.23592205984336,0.98168127226074,0.690691518244926,0.611270361645887,0.707355312047843,0.958321011626811,1.17529454446203,1.33335521975154,1.4678093315369,1.57494362989637,1.65272762537209,1.50992898500304,1.55290750182021,1.58594361961329,1.61174164280265,1.63218862647045,1.65122364006149,1.5492841258357,1.56443989935439,1.57730728612224,1.58833222422846,1.59785749661734,1.6061497819562,1.61341889880377,0.419835879369276,0.425616615773266,0.430879410808041,0.435689475157805,0.440576970687389,0.445851248695829,0.45072675354312,0.455246420017639,0.459447316942773,0.463361603145115,0.467017304642333,0.470438950417416,0.473648095581805,0.476663754292076,0.429503135188578,0.432181517178625,0.434712115713847,0.437106750064192,0.439376021683846,0.441529465979453,0.443575682090263,0.44552244428476,0.447376797922056,0.449145142402253,0.450833303106875,0.452446593987038,0.453989872180841,0.455467585814029,0.45688381594987,0.458242313505318,0.459546531819372,0.460799655457485,0.462004625748288,0.463164163474782,0.464280789081646,0.465356840709787,0.466394490323693,0.467395758163153,0.46836252571771,0.469296547396285,0.470199461042764,0.471072797427438,0.471917988828847,0.472736376805575,0.473529219245892,0.474297696771788,0.475042918565344,0.47576592767706,0.476467705869162,0.477149178040285,0.4778112162733,0.478454643543164
2.03648856284518,2.03401181873551,2.03120902276477,2.02802524897842,2.02439400059744,2.02023425138488,2.01544659193747,2.00990816752413,2.00412948277827,1.99735370480673,1.989319039973,1.97972696284904,1.96819103968226,1.95420599064114,1.93710427291422,1.91599473497271,1.88967559633568,1.85651114565546,1.81425878636241,1.75983282538957,1.6890006695829,1.59604316553682,1.47351017553126,1.31242144012951,1.11442258657612,0.880862951212924,0.674624418730037,0.610782899217957,0.662076764081161,0.883212425742307,1.07585142750192,1.23571414325939,1.35591586305666,1.46916179258932,1.56051472983151,1.63036409658865,1.6842144279509,1.52619573954631,1.55954779936767,1.58639618331571,1.60824679159585,1.6262153542906,1.6412443176889,1.65796842055471,1.55231087161728,1.56473009131323,1.57556670287945,1.58508306823539,1.59348958774608,1.60095642749213,1.6076223217923,1.61360123925527,0.418988341954793,0.423915238950884,0.428466395487713,0.432682294570502,0.436597920413954,0.440761191878878,0.445179779275833,0.449316608961305,0.453197403784877,0.4568448927373,0.460279228329743,0.463518336950653,0.466578214266708,0.469473175348336,0.472216067320784,0.474818450861577,0.427290771214081,0.429642828270645,0.431883273484852,0.43401980997651,0.436059453901402,0.438008608754047,0.439873130303908,0.441658383503858,0.443369292496736,0.445010384671934,0.446585829575229,0.448099473356111,0.449554869335137,0.450955305188358,0.452303827175688,0.453603261779288,0.454856235067582,0.456065190057919,0.45723240231376,0.458359993981175,0.459449946443311,0.460504111748293,0.461524222946351,0.462511903454974,0.463468675557421,0.464395968125609,0.465295123648588,0.466167404638338,0.467013999476059,0.467836027754506,0.468634545166731,0.469410547985118
2.02498995913322,2.0215312995681,2.01763423340347,2.01322721119579,2.00838025227,2.00328250295111,1.99740984844613,1.99061336502088,1.98270879341417,1.97346654034709,1.96259842179687,1.94973997344556,1.93442671322257,1.916062151793,1.89387459245726,1.86685887798235,1.83369841144697,1.79266254703571,1.74147618127005,1.67716515163996,1.59589911443118,1.49289383951872,1.36251112730743,1.19880775894168,1.01976782234022,0.808034385175429,0.664975680143611,0.610433533483124,0.628943124765628,0.825456938180026,0.994929460383151,1.15093653321059,1.27478687266096,1.37119123843784,1.47012775054923,1.54974225234865,1.61293721901726,1.66338410180301,1.70394698052487,1.53692255572406,1.56411254478831,1.58672134227356,1.60567212549633,1.62167880864664,1.63529707026943,1.64900812673902,1.66253640157456,1.55442190073911,1.56494107567753,1.57430073718974,1.58266813030622,1.59018154371498,1.59695604492215,1.60308795637945,1.60865837190309,1.61373593708517,0.418379077684509,0.422671431837577,0.426678858152241,0.430428184259097,0.433943042433813,0.437244322251234,0.440899959802026,0.444701968116999,0.448294373147907,0.451693784475837,0.45491512792683,0.457971850655974,0.460876097378263,0.463638862310359,0.466270120589953,0.468778942295695,0.471173591666979,0.473461613691401,0.47564990987797,0.427744855231246,0.429752550103267,0.431678342950902,0.433527110175067,0.435303351912824,0.437011227346321,0.438654586140258,0.440236996489645,0.441761770194624,0.44323198511981,0.444650505350254,0.446019999311811,0.447342956091192,0.448621700159139,0.449858404675588,0.451055103531855,0.452213702267707,0.453335987982692,0.454423638347951,0.455478229811871,0.456501245081744,0.457494079955082,0.458458049564571,0.459394394094866,0.460304284022391
2.01146987398056,2.00721207352016,2.00263603394329,1.99745417596983,1.99156553969382,1.98484849424405,1.9771557137674,1.96830775203608,1.95808478352388,1.94621593913338,1.93236548285431,1.91611484434969,1.89693924091261,1.87417730715958,1.84699186101783,1.81431982054017,1.77480968635008,1.72674662052159,1.6679693339579,1.59579210848863,1.50696289644931,1.39771834178034,1.26403810385107,1.11320214992897,0.942386405349837,0.751714429236481,0.658034434539852,0.610170863377686,0.603687879769454,0.779967427814468,0.934330339835901,1.0781673324278,1.20179419236395,1.3019938775942,1.38427680087457,1.4708526034382,1.54139703782178,1.59899965450328,1.64622685705646,1.68515257772285,1.51743495128682,1.54452015037261,1.56744338395317,1.58696704803501,1.60369746835809,1.61811883527737,1.63061973022264,1.64174627317191,1.65449307959896,1.66583551696684,1.55597950210484,1.56510263449261,1.57333977133339,1.58080400738785,1.58759104534347,1.59378226459713,1.59944718848061,1.60464547783167,1.60942854989694,1.61384089945864,1.61792118215838,0.421723824214107,0.425302796598652,0.428677009685697,0.431863164391461,0.434876230914208,0.437729662893278,0.441010337066658,0.444346931514083,0.447521529995885,0.450545472547275,0.453429081014184,0.456181769159745,0.458812138987597,0.461328065226244,0.463736769614194,0.466044886375428,0.468258520066257,0.470383296797407,0.472424409690593,0.474386659303986,0.476274489658341,0.42809211116442,0.429843548652122,0.431532335289735,0.433161750879833,0.434734852213282,0.436254491549892,0.437723333306364,0.439143869148779,0.440518431664328,0.441849206763809,0.443138244950272,0.444387471571364,0.44559869616041,0.44677362095827,0.447913848699052,0.449020889730966,0.450096168538255,0.451141029721896
1.99749062404529,1.99229605319333,1.98645885987855,1.97987894716745,1.97243717168526,1.96399108025514,1.95436956590438,1.9433661469979,1.93073049190115,1.91615771218804,1.89927483111614,1.87962370845753,1.85663958905041,1.82962438903657,1.79771394059897,1.75983887628539,1.7146800003765,1.66062147110687,1.59570984821774,1.51763530438352,1.42376418076292,1.31126905346451,1.17955969795203,1.04038977789061,0.878437876484615,0.706463155624832,0.652999310067003,0.609966181080878,0.58381836858479,0.743351553649683,0.886312196510867,1.01581041232931,1.13692627737267,1.23827862292431,1.32197454875438,1.39543902662701,1.47141694668946,1.53474393267391,1.58761083609875,1.6318798839144,1.6690973126044,1.70052923305659,1.52724420505086,1.55018084080446,1.56998140792942,1.58715987125009,1.60213564851348,1.61525214489686,1.62679163299285,1.63698713131784,1.64776456881038,1.65857375579665,1.54833078736125,1.55717715811121,1.5652312820265,1.57258639644999,1.5793225224354,1.58550861274073,1.59120431255418,1.59646140847955,1.60132502571924,1.60583462113605,1.61002481022826,1.61392605845542,1.61756526135269,0.420978938910681,0.424211824272427,0.427278339450407,0.430190717974375,0.432960048274715,0.435596401878185,0.438108945103396,0.441101796033943,0.444074617505263,0.446918496065875,0.449641515273974,0.452251107332974,0.454754116424155,0.45715685489852,0.459465153236637,0.461684404556828,0.463819604343551,0.465875385976788,0.46785605256507,0.469765605516673,0.47160777022964,0.473386019228372,0.475103593036245,0.426763519106277,0.428368759776853,0.429922069426943,0.431425910617401,0.432882594045182,0.434294289970637,0.435663038637363,0.436990759784859,0.438279261345425,0.439530247403692,0.440745325491001,0.441926013278401
1.98197125882297,1.97556035248312,1.9683848810325,1.96033011421044,1.95126046433464,1.94101508841381,1.92940246486785,1.91619369812598,1.90111425220432,1.88383375953675,1.86395350229847,1.84099113776969,1.81436227073131,1.78335862608293,1.74712295114886,1.70462155766831,1.65461687625148,1.59564493641651,1.52600677634872,1.44378878044713,1.34693452568298,1.23339778777097,1.1124686452397,0.977924374921903,0.827777161975901,0.68925334502562,0.648851734835687,0.609802193443449,0.567786990012663,0.713314052185128,0.84598722943083,0.963617973201541,1.07955661896637,1.18029111887165,1.26562263672578,1.33724646207448,1.40418386067003,1.47186905592422,1.52931683842272,1.57813657252127,1.61972123906866,1.6552524646228,1.68571994063052,1.51194685774005,1.53469502230575,1.55456063017486,1.5719799760674,1.58731572324928,1.60086997132467,1.61289506286226,1.62360244794796,1.63316992231476,1.64205697169861,1.65235506749123,1.66172854042577,1.55028537627628,1.55812758916581,1.56533691276491,1.57198068774377,1.5781176014115,1.58379896550821,1.58906978432071,1.59396965038289,1.59853349801367,1.60279223929611,1.60677330255429,1.61050108971419,1.61399736597548,1.61728159282286,0.420378886388566,0.423326500734252,0.426136282188811,0.428817457186968,0.431378464746175,0.433827036948693,0.436170269955597,0.438414686799011,0.441180017032342,0.443860686716738,0.446436292784327,0.448912798919063,0.451295732970228,0.453590225446177,0.455801044060819,0.457932624788895,0.459989099830161,0.461974322829404,0.463891891657812,0.4657451690225,0.467537301139294,0.469271234674884,0.470949732140586,0.472575385898739,0.474150630923314,0.475677756441323,0.427158925695956,0.428596310156443,0.429991858222189,0.431347358181718,0.432664498766456
1.96487095637717,1.95718847886838,1.94862173876376,1.939043091657,1.92830280025789,1.91622467640034,1.90260080261627,1.8871851475796,1.86968586688404,1.84975606771115,1.82698282570999,1.8008742969391,1.77084490396257,1.7361988525635,1.69611274540845,1.64961893338082,1.59559265706821,1.53274816744455,1.45965198874415,1.37476512507963,1.27652946055448,1.16730911865116,1.05331229988489,0.924028435687201,0.785711353209502,0.680682914790738,0.645379844689129,0.609667861712164,0.554584458753995,0.688266257049736,0.811758220210333,0.923153537759262,1.02884841847521,1.12782992298559,1.21345581051064,1.28682774200288,1.34928689825638,1.41121880997204,1.47223961148174,1.52480616540151,1.57013512824939,1.60929507960665,1.6432082458495,1.67266140143356,1.69832083701468,1.52076376598578,1.54054403448144,1.55804982449588,1.5735949395093,1.58744471403623,1.59982391681112,1.61092339191143,1.6209056037171,1.62990924901304,1.63805308564569,1.64697324343732,1.65597186799546,1.66424092612933,1.55185881082706,1.55890090499068,1.56542581622487,1.57148375820158,1.57711904364169,1.58237088265715,1.58727406089418,1.59185951709586,1.59615483631152,1.60018467219528,1.60397110954721,1.60753397637063,1.61089111317134,1.61405860595072,1.61705098829224,0.419885901697982,0.422594388719731,0.425186828397111,0.427670349615604,0.430051522199201,0.432336409476428,0.434530615152178,0.436639325176715,0.438715624393998,0.441248613285699,0.443689495430826,0.446043125196617,0.448314027361442,0.450506424172282,0.452624259821677,0.454671222622992,0.45665076512795,0.458566122402982,0.460420328654735,0.46221623237415,0.463956510148323,0.465643679273608,0.46728010928739,0.468868032524901,0.470409553793468,0.471906659249115,0.473361224550164
1.94635505440321,1.93736582766845,1.92737760592678,1.91625189732338,1.90382747191989,1.88991619818114,1.87429809904384,1.85671550654787,1.8368661970422,1.81439541053632,1.78888671192264,1.75985176050254,1.7267192506495,1.68882361831227,1.64539463998982,1.59554986149693,1.5382929606574,1.47252270605778,1.39705902874006,1.310694499131,1.21228032687565,1.11197951345104,1.00103417346915,0.877221584079222,0.749709958043987,0.673308121292374,0.642433067231192,0.609555808493855,0.543525466305325,0.667081911775943,0.782406768301799,0.887862257878653,0.983947487904285,1.0804830367706,1.16546104633767,1.23956140477123,1.30372607224919,1.35901714094855,1.41700020878644,1.47254904524639,1.5209983257997,1.56329000590014,1.60026140055355,1.63264546574392,1.6610770954646,1.68610239190443,1.70818898931234,1.5277785832034,1.54525642936811,1.56089500502065,1.57492741389569,1.58755357539061,1.59894522754951,1.60925018869426,1.61859596876749,1.62709281978033,1.63483630791998,1.64227223224102,1.65091099706156,1.65889527310415,1.66628949997679,1.5531532856913,1.55954299841333,1.56550218169119,1.57106927208838,1.57627854496715,1.58116063392527,1.58574297798533,1.59005020743933,1.5941044775075,1.59792575751667,1.60153208208711,1.6049397698032,1.60816361399465,1.61121704954594,1.61411229905667,1.61686050117765,0.419474299014924,0.421979480338793,0.424385619484341,0.426698338048172,0.428922849847314,0.431063996417558,0.433126278949138,0.435113887059971,0.437030724758526,0.438992092078855,0.441309992791649,0.443550530667969,0.445717453894187,0.447814276419918,0.449844295677667,0.451810608744262,0.453716127098485,0.455563590112799,0.457355577402322,0.459094520140907,0.460782711441852,0.462422315891017,0.464015378311694
1.92658870216127,1.91627622696286,1.90485722852189,1.89218463868957,1.87808857121949,1.86237247802853,1.84480868459606,1.8251332451422,1.8030400814645,1.77817441551407,1.75012558803607,1.71841949258791,1.68251107148699,1.6417776502802,1.59551436719772,1.54293361686642,1.48317128269562,1.4153035276236,1.33837887177288,1.25147082207207,1.15870434415089,1.06216739981428,0.954675244275433,0.838310918996972,0.718598832802458,0.668302197891693,0.639901877097434,0.609460915995476,0.53412880082265,0.648944142840734,0.757000281991418,0.856897254474653,0.947782173295072,1.03776102604202,1.1214494941781,1.19551608256762,1.26060178793698,1.31749402422182,1.36704038399662,1.42183546778343,1.47281149005173,1.51774124480979,1.55736880884966,1.59236227713935,1.62331343763156,1.65074148926292,1.67509892955012,1.69677837365099,1.51612456067833,1.53349033169828,1.5491336269079,1.56325953040664,1.57604586051211,1.5876469631071,1.59819700172932,1.60781279305706,1.61659624014307,1.62463641471552,1.63201133630802,1.63878949125817,1.64642890672027,1.65413592201171,1.66130756784408,1.66799232186893,1.55423747223209,1.56008516923949,1.56556890732242,1.57071875954068,1.57556178090996,1.58012235809575,1.58442251391267,1.58848217297224,1.59231939387657,1.59595057255877,1.59939062069503,1.60265312254143,1.60575047306295,1.60869399981373,1.61149407067604,1.61416018927177,1.61670107960701,0.419126000002924,0.421456230542976,0.423700945377541,0.425864655316092,0.427951566802328,0.42996560658054,0.431910444055581,0.433789511588563,0.435606022942074,0.437362990064408,0.43922928256128,0.441365822160962,0.443436466153559,0.445444168683616,0.447391712887024,0.449281722886437,0.451116674806921,0.45289890690311,0.454630628879028
1.90573422581629,1.89409897269302,1.88125861102412,1.86705984174894,1.85132697760613,1.83385851063352,1.81442322361949,1.79275584000736,1.76855224371155,1.7414643610515,1.71109489226472,1.67699222370907,1.63864606077487,1.59548461364938,1.54687455789697,1.49212548056164,1.43050108067483,1.3612399330937,1.28358896465513,1.19685262078807,1.11163035785838,1.01725440372463,0.913399109220221,0.804829615464741,0.69527551348281,0.664065812527121,0.637704902386493,0.609379522454847,0.52604685830413,0.633247928533238,0.734819164094455,0.829563879655476,0.916690431958307,0.999167676649001,1.08114512147814,1.15462145627831,1.22001478416084,1.27789597417736,1.32891913108353,1.3737675589574,1.42593918206112,1.47303703342208,1.51492372651694,1.55219720559542,1.58539894391267,1.61501339340906,1.64147021450434,1.66514809710955,1.68637935651785,1.70545476933076,1.52264961887635,1.53823005281314,1.55237936821143,1.56525587865209,1.57699827922905,1.58772819996704,1.59755244045482,1.60656491531347,1.61484834182018,1.62247570037119,1.62951149652598,1.63601285079836,1.64243302691231,1.64987311203114,1.65682568274071,1.66333237044808,1.549430737898,1.55515921847602,1.56054949696548,1.56562806196884,1.57041888409504,1.57494369203213,1.57922221491353,1.58327239543228,1.58711057754027,1.59075167203348,1.59420930286934,1.59749593667168,1.60062299754195,1.60360096901033,1.60643948471295,1.60914740917062,1.61173290986286,1.6142035216354,1.61656620434414,0.418827911631632,0.42100601451859,0.423109536808613,0.425142152816036,0.427107305109665,0.429008222080472,0.430847933972073,0.432629287524906,0.434354959368383,0.436027468282028,0.43764918643205,0.439435741801836,0.44141729155219,0.443342039929241,0.445212356396889
1.88394890386431,1.87100638823747,1.85677037033683,1.84108362898332,1.82376741932141,1.8046185088436,1.78340591571959,1.75986738724941,1.73370570068258,1.70458493507872,1.67212695905331,1.63590851408109,1.59545945548244,1.55026294969945,1.4997587158474,1.44335072482406,1.38042108487741,1.31035205815454,1.23255811725919,1.15232968175171,1.06861387857919,0.976666953753376,0.876490915301584,0.775156283075892,0.688770305110109,0.660310667966259,0.635780526831337,0.609308938720802,0.519022400328043,0.619536585563311,0.715302598595906,0.805294934090347,0.888792585386633,0.965383653288509,1.04423801358219,1.11672728867824,1.18195778874178,1.2403325543722,1.29234775324051,1.33854730311594,1.38063348624568,1.42946567117532,1.47323306829761,1.51246259548586,1.54764194728178,1.57921599377482,1.60758617873184,1.63311186917949,1.65611288166907,1.67687263581883,1.69564156097211,1.51264148973093,1.52810792851758,1.54222578859353,1.55513624431053,1.56696400725269,1.57781931920643,1.58779972094444,1.59699161260042,1.60547162421411,1.61330781584426,1.62056072625175,1.62728428805022,1.63352662575646,1.63933075156175,1.64603419158248,1.65277361166486,1.65910352935111,1.66505645243173,1.55066249632207,1.55595288369472,1.56095200278281,1.56568116200235,1.57015977521793,1.57440555624794,1.57843469111193,1.58226199077849,1.5859010268149,1.58936425202275,1.59266310787609,1.59580812034305,1.59880898546903,1.60167464592437,1.60441335956698,1.60703276093872,1.60953991650044,1.61194137431057,1.61424320876656,1.61645106095368,0.418570318610083,0.420614933084499,0.422593932332223,0.424510348792481,0.42636703536016,0.428166678170261,0.429911808331077,0.431604812703227,0.433247943811268,0.434843328966727,0.436392978673178
1.86138316513461,1.84716191077107,1.8315697437062,1.81444770485887,1.79561652485914,1.77487415447716,1.75199314072893,1.72671791829118,1.69876213247885,1.6678061752652,1.63349520448731,1.59543803303308,1.55320742229125,1.50634249093335,1.45435414613556,1.39673463496855,1.33297245184963,1.26257384673027,1.18631742885645,1.11136883421044,1.02926247685058,0.939889669395843,0.844859751796522,0.748705446992675,0.682924884488927,0.657303339311058,0.634081292205887,0.609247145440703,0.51286104591547,0.607459474420495,0.698008865169911,0.783627030068775,0.863663992223294,0.937710749570843,1.01041505276683,1.08164206994364,1.14635534316917,1.20482948298972,1.25743382979335,1.30459533250126,1.34676828509531,1.38723184631101,1.4325287367331,1.47340513643203,1.51029440057476,1.54359948802548,1.57369030490731,1.60090312733613,1.62554141978581,1.6478775320135,1.6681548976921,1.68659046963037,1.70337721190406,1.5186966083439,1.53274026644724,1.54563963942335,1.55750699813703,1.56844230440976,1.57853461769126,1.58786335115366,1.59649938772005,1.60450606800426,1.6119400625461,1.61885214047337,1.62528784607489,1.63128809390329,1.63688969207082,1.64255981123512,1.64909342162896,1.65524987984422,1.66105761980543,1.66654250251746,1.55172949963022,1.55664377757434,1.56130459394129,1.56572934419603,1.56993397112352,1.57393310504904,1.57774018895913,1.58136759028635,1.5848267009038,1.58812802668474,1.59128126781726,1.59429539091987,1.59717869387543,1.59993886419286,1.60258303160753,1.60511781554783,1.6075493680213,1.60988341240961,1.61212527860417,1.6142799348654,1.61635201674483,0.41834586017051,0.420272403395739,0.422140772949119,0.423953500567592,0.425712976742661,0.427421460202333,0.429081086657798
1.83817920058814,1.82271868121563,1.80582120595878,1.78732807304388,1.76706174447684,1.74482387011943,1.72039328051696,1.69352403885909,1.66394368728417,1.63135188207226,1.59541968848529,1.55578990030337,1.51207886015096,1.46388037842441,1.41077246714035,1.35232769489584,1.2881279894659,1.21778460708518,1.14741812452403,1.07351673438462,0.993206815418903,0.906467698102405,0.817077750695306,0.724999498367658,0.677648912941618,0.65468517704486,0.632570083512085,0.609192596748748,0.507413214730855,0.596743219535575,0.682586364098151,0.764180338346731,0.840942287728973,0.912478964601775,0.979376583971143,1.04915753417519,1.11309155696189,1.17135597286064,1.224219514966,1.27201249665596,1.31510123613115,1.35386744018748,1.39297919357325,1.43521413184124,1.473557473675,1.50836989938535,1.53998817411895,1.56872315313758,1.59485925921867,1.61865497524118,1.64034399941516,1.66013680007975,1.67822237979476,1.69477011548279,1.50993158505254,1.52386794236171,1.53672031546875,1.54858993257834,1.55956751417699,1.56973439723444,1.57916355038265,1.58792048552858,1.59606407301665,1.60364726825189,1.61071775790466,1.61731853365566,1.62348840104401,1.6292624304588,1.63467235672659,1.63974693314662,1.64573696469816,1.65172455673851,1.65738884072217,1.66275266401774,1.6678369326297,1.55266304389903,1.55725095488528,1.56161630449127,1.56577347751049,1.56973572628175,1.57351527383017,1.57712340652092,1.58057055738236,1.58386638112142,1.58701982173329,1.59003917350603,1.59293213612557,1.59570586450802,1.59836701391356,1.60092178083404,1.60337594009103,1.60573487853191,1.60800362566949,1.61018688157173,1.61228904227547,1.61431422296794,1.61626627915414,1.61814882600438,0.419970225575825,0.42173966425137
1.81446996372658,1.7978185959959,1.77967563112972,1.7598843886887,1.73827100237312,1.71464291607568,1.68878744899139,1.66047053119457,1.6294357514643,1.59540390991697,1.55807332966426,1.51712125321636,1.47220672694293,1.42297545254207,1.36906714385198,1.31012594799332,1.24581443980734,1.17816240165649,1.11116580457013,1.03850902206979,0.960108146764606,0.876003647175381,0.791903857219191,0.703646626259399,0.672866650374113,0.65232037891445,0.631217474796532,0.609144089175316,0.502561945452532,0.587171724363097,0.668752371908975,0.74664202676793,0.820319232022479,0.889413090031506,0.953701423096891,1.01906368785327,1.08202896332061,1.13984472648191,1.1927006607265,1.24084818032101,1.28457921668438,1.32420831663435,1.36005831305811,1.39802988211404,1.43758769540589,1.47369337323861,1.50665029430023,1.5367427663688,1.56423450467484,1.58936817236085,1.61236567086832,1.63342893520538,1.65274104743537,1.67046753013066,1.68675772024355,1.70174615391878,1.51555806970402,1.52833492531059,1.54017643426039,1.55116502957314,1.56137504441162,1.57087353597528,1.57972103266937,1.58797220851239,1.59567648967995,1.60287859852619,1.60961904053771,1.61593453956595,1.62185842643768,1.6274209857169,1.63264976502164,1.63756985091878,1.64266393733578,1.64848803765069,1.65401171028639,1.65925522939797,1.66423722488572,1.54897491801695,1.55348697408914,1.55778903493902,1.56189411255473,1.56581423757522,1.56956054483087,1.57314335057237,1.5765722222613,1.57985604170122,1.5830030621995,1.58602096037616,1.58891688316763,1.59169749051364,1.59436899416206,1.59693719298016,1.59940750511833,1.60178499733594,1.60407441176553,1.60628019036288,1.60840649726483,1.61045723925253,1.61243608449902,1.61434647976065
1.79037852289133,1.77259176680806,1.75326992201834,1.73225983968369,1.70939293546627,1.68448412083062,1.65733088073451,1.62771260223486,1.59539029297578,1.56010686968174,1.52158824386013,1.47954548256418,1.43367837148694,1.38368074755341,1.32924798575462,1.27008700220851,1.2059290493013,1.14351811240529,1.07737115151971,1.00609430415667,0.929660638438402,0.849325166575336,0.769005856203751,0.693334481000804,0.669514770235305,0.650174683604783,0.629999846967114,0.609100671823877,0.498214477541347,0.578572030479463,0.656277347347844,0.730753010486829,0.801532712201326,0.868270762331774,0.930742686473695,0.991157614538247,1.05302101622139,1.11020624055347,1.16284134877474,1.21111392715853,1.25525372296892,1.2955173961166,1.33217578824796,1.36550377460196,1.40250314558612,1.43970081237612,1.47381543409284,1.50510460414312,1.53381052382283,1.5601588250881,1.58435817263465,1.60660042780801,1.62706120100492,1.64590065813154,1.66326447945923,1.6792848959028,1.69408174890628,1.70776353650797,1.52044293270578,1.53223172516648,1.54320549110269,1.55343222736943,1.56297358907789,1.57188550417089,1.58021873301529,1.58801937589144,1.59532933180436,1.60218671229746,1.60862621401022,1.61467945364955,1.62037526888566,1.62573998847412,1.63079767466975,1.63557034074899,1.64007814621095,1.64550679235272,1.65089343264243,1.65601835943314,1.66089823736384,1.66554845385155,1.54998361324966,1.5542197761552,1.55826942096607,1.56214349366116,1.56585215762172,1.5694048583524,1.5728103822311,1.57607690988465,1.57921206472431,1.58222295711811,1.5851162246288,1.58789806869996,1.59057428813388,1.59315030966925,1.59563121593474,1.59802177102615,1.60032644393055,1.6025494299968,1.60469467063286,1.60676587139245
1.76601772171819,1.74715632842528,1.72672702702245,1.70458145042306,1.68055758076615,1.65447906960635,1.62615476026837,1.59537851403565,1.56192946981968,1.52557289859234,1.48606184764348,1.44313980269136,1.39654462311836,1.34601401959411,1.29129283360882,1.23214233156412,1.17157217548095,1.11100376011677,1.04584772165307,0.97603857375484,0.901590840780603,0.825593492439774,0.748102190126747,0.688528148864121,0.66651778493521,0.648219577075018,0.628898029570086,0.609061583414818,0.494296308402935,0.570804137224257,0.644973231556492,0.716297453468867,0.784359523923487,0.848839618671871,0.90951728838687,0.966267471441948,1.02592014541006,1.08233883754734,1.13458471807791,1.18279412068575,1.22714527122,1.26784547917488,1.30512004626144,1.33920307244973,1.37033014307189,1.40649252984953,1.44159417174068,1.47392573474736,1.5037077910866,1.53114835472705,1.55644195899869,1.57976931477692,1.60129739503108,1.62117982115539,1.63955745291557,1.65655910640382,1.67230234307828,1.68689428802399,1.70043244746957,1.51300675879774,1.52472298126791,1.53566061598127,1.54588193542598,1.55544367024843,1.56439751661601,1.57279060197413,1.58066591074023,1.58806267204349,1.59501671193779,1.6015607726739,1.60772480164548,1.61353621257616,1.61902012141211,1.62419955924488,1.62909566443657,1.63372785595336,1.63811398974866,1.642752211069,1.64800585972354,1.65301456824572,1.65779329709995,1.66235590749242,1.66671525365966,1.55088410054756,1.55487600195972,1.55870113824999,1.56236880450954,1.56588766412132,1.56926579845583,1.57251075220292,1.57562957475466,1.57862885801348,1.58151477096109,1.5842930912916,1.58696923438125,1.58954827984007,1.59203499586769,1.59443386161223,1.59674908771289,1.59898463518887
1.7414901008394,1.72161853309006,1.70015626504957,1.67696070767626,1.65187738637361,1.62473959871783,1.59536831100954,1.56357238832263,1.52914927437153,1.49188626048329,1.45156250538804,1.40795198641973,1.36082757352809,1.30996641398056,1.25515678974807,1.19620655197234,1.14034652595562,1.08048101292249,1.01641685346371,0.948126998852082,0.875655682121265,0.803758214606598,0.728953465416505,0.68409269464939,0.663760739936826,0.646431175771963,0.627896304899459,0.609026207265903,0.490746917539171,0.563753555299994,0.634684640548412,0.703094475486991,0.768609122278899,0.830934022467562,0.889856569848347,0.945244085830913,1.00058276274099,1.05613555974249,1.10786089521884,1.1558542085631,1.20025134393755,1.2412179007744,1.27893970881031,1.31361466150588,1.34544597850383,1.37463685072761,1.41007244542976,1.44330041053733,1.47402595732245,1.5024394013088,1.52872071102915,1.55303877697744,1.57555111907688,1.59640392155668,1.61573230438743,1.63366075865955,1.65030368907912,1.66576601999953,1.68014383226532,1.69352500686422,1.70598985825441,1.51761949379321,1.52850349947217,1.53870088934204,1.54826391177421,1.55724037973079,1.56567405965178,1.57360502949954,1.58107000716762,1.58810265080609,1.59473383281381,1.6009918893402,1.60690284715899,1.6124906297399,1.61777724427709,1.62278295134064,1.62752641871225,1.63202486085821,1.63629416537726,1.64034900765372,1.64532471452586,1.65022002539494,1.65489915842926,1.65937463926992,1.66365811926952,1.66776044531445,1.55169311309283,1.55546726262998,1.5590914231743,1.56257355483538,1.56592110222999,1.56914103315022,1.57223987399206,1.57522374223859,1.5780983762639,1.58086916269823,1.58354116157259,1.58611912943921,1.58860754064682,1.59101060693245
1.71688803383692,1.69607307215866,1.67365388473061,1.64949441840063,1.62344843807977,1.59535946938518,1.56506100061006,1.53237702914384,1.49712305334787,1.45910762642059,1.41813460206278,1.37400620998543,1.3265270986773,1.27550946844437,1.22077938374939,1.16613629731706,1.11087154593059,1.05181351331474,0.988910394331614,0.922164128090998,0.85256498913399,0.783613243018281,0.711355383559075,0.679989141016131,0.661216977739872,0.644789349107985,0.626981667036257,0.608994038517688,0.487516637178912,0.557325780127091,0.625282169273683,0.690991596835797,0.754118331957549,0.814391797609329,0.871609398964316,0.925635758461706,0.976872208602992,1.03148879834878,1.08259270914878,1.13024693913768,1.17455267702381,1.21564051475963,1.25366235529345,1.28878426441585,1.32118038498279,1.35102793095533,1.37931495774257,1.41330281464302,1.44484601083892,1.47411747774236,1.50128256225979,1.52649800999374,1.54991137977278,1.57166079358056,1.5918749406571,1.61067326862333,1.62816630728141,1.64445608194087,1.65963658263872,1.67379426353687,1.68700855322309,1.69935236181521,1.51089270611524,1.52170877125899,1.53186679363392,1.54141494509561,1.55039748086513,1.55885506527943,1.56682507377191,1.57434187168828,1.58143707087369,1.58813976518488,1.59447674620525,1.60047270049752,1.60615038973947,1.61153081506435,1.61663336687905,1.62147596137317,1.62607516485827,1.6304463070025,1.63460358394778,1.6385601522205,1.64282896074609,1.64761398295032,1.65219548712071,1.65658482595853,1.66079258967964,1.66482866455782,1.54870232645162,1.5524241047755,1.5560029354788,1.55944614546023,1.56276060368093,1.56595275428719,1.56902864706143,1.57199396543345,1.57485405226522,1.57761393360032,1.5802783405538,1.58285172950141
1.69229403265456,1.67060357024185,1.64730379207845,1.62226572176372,1.59535181189888,1.56641612052732,1.53530475435041,1.50185665300712,1.4659047996285,1.42727795233706,1.38580299761549,1.34130802710044,1.29362623132427,1.24260068357419,1.18895672138476,1.13771686317065,1.08304312931156,1.02486982890258,0.963171996415739,0.897973185254491,0.831856895163921,0.764979255933675,0.696264192228816,0.676183361004007,0.658958353514625,0.643277027227526,0.626143263131288,0.608964659886775,0.484564326481666,0.551442134700171,0.616657251408737,0.679859541719276,0.740746924100449,0.799071183310841,0.854640823183255,0.90732109700894,0.957031578350087,1.00829331027884,1.05869973989838,1.10591702541615,1.15001816521241,1.19110453807989,1.22929908381266,1.2647401157235,1.29757590479161,1.32796009143369,1.35604791777105,1.38398969982894,1.41623242902991,1.4462526847823,1.47420143237277,1.50022323201006,1.52445543545458,1.54702771265193,1.56806183785794,1.58767167506835,1.60596331251552,1.62303530510273,1.63897899169635,1.65387886112453,1.66781294655024,1.68085323270601,1.69306606438686,1.70451254773618,1.51525265548472,1.52535847975218,1.53487811105425,1.54385254808387,1.55231959661111,1.56031412490003,1.56786830099879,1.57501181241764,1.5817720689214,1.58817438930098,1.59424217306841,1.59999705805642,1.60545906490815,1.61064672942738,1.61557722372463,1.62026646705278,1.62472922717652,1.62897921306632,1.63302915965369,1.63689090533114,1.6405754628265,1.64517830359519,1.64966443098313,1.65396898992446,1.65810163161491,1.66207138882038,1.66588672123487,1.54955578599967,1.55308801564576,1.55649067640689,1.55977011621563,1.56293230350561,1.56598285348427,1.56892705237466,1.571769879798,1.57451602945073
1.6677811814365,1.6452832031836,1.62117838991483,1.59534519078676,1.56765498092557,1.5379724239771,1.50615609878854,1.47205945336559,1.43553215608036,1.39642191884292,1.35457686807136,1.30984853483253,1.2620955231696,1.21118789278873,1.16157621272692,1.110761718471,1.05675856453105,0.999525203053901,0.939057495148643,0.875394876711078,0.812589126508068,0.747699914413408,0.692193536646708,0.672645444083353,0.657058322259426,0.641879652144596,0.625371966896598,0.608937723465796,0.481855618697616,0.546036603789264,0.608718176218329,0.669588101507369,0.728373941368188,0.784848097131169,0.838830557374077,0.890189416753955,0.93883940337639,0.98644810139748,1.03610113109607,1.08280458573976,1.12660864246253,1.16759042162773,1.20584827551355,1.24149647787516,1.27466045887594,1.30547266224109,1.334069047392,1.36058621926556,1.38823524915362,1.41890141569487,1.44753840183719,1.47427876798228,1.49924962974503,1.52257201647594,1.54436048518061,1.56472293732202,1.58376059336637,1.60156808705518,1.61823364795513,1.63383934670269,1.64846138244804,1.66217039633982,1.67503179851429,1.68710609903598,1.69844923566507,1.7091128932719,1.51915597442374,1.52863558716414,1.53758982519561,1.54605386280842,1.55406024605828,1.56163909522072,1.56881829327721,1.57562366085913,1.58207911821342,1.58820683484558,1.59402736754436,1.59955978752005,1.60482179738755,1.60982983871489,1.61459919083494,1.61914406158661,1.62347767061809,1.62761232584732,1.63155949363462,1.63532986318682,1.63893340567199,1.64289707047177,1.64729026154654,1.65151167260937,1.65557012136405,1.65947388015715,1.66323071455303,1.66684791890916,1.55033288582658,1.55369383260656,1.55693679748032,1.56006731626513,1.56309060762267,1.5660115941125
1.64341366244528,1.62017539803637,1.59533948189358,1.56879197179733,1.54041322153204,1.5100783864742,1.47765818325424,1.44301995585406,1.40602910410404,1.36655093176632,1.3244529689675,1.27960781614948,1.23189654225733,1.18290171740981,1.13550127217602,1.0851905732017,1.03191839497919,0.975662483049446,0.916434717244613,0.855022975393383,0.794625235461494,0.731638593662654,0.688382684454478,0.670142545804924,0.655288931825825,0.640584740062601,0.624660049315892,0.608912936881031,0.479361583256875,0.541053395514683,0.601386974167853,0.660082825495933,0.716894653110296,0.771613727511592,0.824071460833391,0.874140211718483,0.921732474492469,0.96679870308875,1.01471749551136,1.06084764530909,1.10427976169969,1.14507090866247,1.18329866406444,1.21905659190025,1.2524500866859,1.28359267579621,1.31260282048319,1.33960122096807,1.36470860527917,1.39210799952498,1.42134307646917,1.44871816164767,1.47435027970193,1.49835179839489,1.52082991143654,1.54188632105117,1.5616170807179,1.58011256384058,1.59745752927375,1.613731259432,1.62900775102158,1.64335594222502,1.65683996341618,1.66951940123814,1.68144956816764,1.69268177157671,1.70326357783422,1.51324051727941,1.52267045645458,1.53159418307101,1.54004445033814,1.54805165571727,1.55564401408907,1.5628477198357,1.56968709805265,1.57618474523837,1.58236165990055,1.5882373635807,1.593830012829,1.59915650268009,1.60423256218036,1.6090728425086,1.6136909982152,1.61809976208424,1.62231101409634,1.62633584494581,1.63018461453552,1.63386700584613,1.63739207454937,1.64076829470696,1.6450590741545,1.64919915888665,1.65318459319357,1.6570229701204,1.66072143303189,1.66428670610401,1.66772512253999,1.55104358288178,1.55424900650024,1.55734654932353
1.61924734280986,1.59533458013937,1.56983920311246,1.5426549216165,1.51367097848846,1.48277276029492,1.44984264700842,1.4147611429656,1.37740833264144,1.33766570351181,1.29541837357458,1.25055775183053,1.20298464502496,1.15769625996742,1.1106691205781,1.06092414727881,1.00842758227575,0.953172494288369,0.895182950011635,0.836657037772949,0.777844196489312,0.716675584782868,0.684809126584721,0.667825236249034,0.653637532634052,0.639381530256798,0.624000921744944,0.608890052637163,0.477057692641699,0.536445043335568,0.594596960881096,0.651262359553913,0.706218033807029,0.759272443642184,0.810268086061259,0.859082453132607,0.905627675591689,0.94984902748859,0.994472161962427,1.03998392442124,1.08298416296228,1.1235134266079,1.16163181258671,1.19741512566198,1.230951279011,1.26233702368169,1.29167505692862,1.31907152947771,1.34463394845707,1.36846945598912,1.39565490481138,1.42358527820237,1.44980458302264,1.47441664021369,1.49752126497556,1.51921384609345,1.53958508300442,1.55872085045537,1.57670216450184,1.5936052273992,1.60950153247775,1.62445801331149,1.63853722432732,1.65179754246691,1.66429338162084,1.67607541332473,1.6871907886838,1.69768335770692,1.70759388321739,1.51696673553302,1.52585118506626,1.53427841948292,1.5422768495753,1.54987291925974,1.55709124526658,1.56395474809928,1.57048477445393,1.57670121138352,1.5826225925504,1.58826619695198,1.59364814052801,1.59878346106704,1.60368619683151,1.60836945931313,1.61284550051895,1.61712577517287,1.62122099819919,1.62514119783512,1.6288957647,1.63249349712684,1.63594264304375,1.63925093867091,1.64295853611788,1.64701924381243,1.6509330247519,1.65470686355545,1.65834734454072,1.66186067797093,1.66525272441023,1.54852903787647
1.59533039598977,1.5708069390637,1.54472094770846,1.51697371271182,1.48746316086608,1.45608453848288,1.42273131540427,1.3872963429648,1.3496732987405,1.30975844799624,1.26745274573725,1.2226642933645,1.17770400143098,1.13360918029457,1.08701654569059,1.03788539066107,0.986196174358918,0.931954049705731,0.875192224923946,0.819421898917354,0.762138526015398,0.702705710937825,0.681452629907986,0.665651129366307,0.652092999382621,0.638260701686278,0.623388933542583,0.608868859824655,0.474923016063998,0.532170914236707,0.588290784493556,0.643056294039045,0.696264672748106,0.747739995093078,0.797335340045797,0.844933815910399,0.890448512282398,0.933821502080953,0.975291948810062,1.02015208997396,1.06267308524928,1.10288193903529,1.14082409384023,1.17656018551624,1.21016294304954,1.2417143164604,1.27130288693476,1.29902158799634,1.32496574607057,1.34923143323113,1.37191411390546,1.39891537033016,1.425651516868,1.45080835813877,1.47447842244771,1.49675077409228,1.51771066837947,1.53743933233267,1.55601384788188,1.57350711722296,1.58998789284712,1.60552085739637,1.62016674091118,1.63398246518887,1.64702130685823,1.65933307239455,1.67096427968259,1.68195834189482,1.6923557504157,1.70219425434008,1.51150937455537,1.52034711960887,1.52874336456603,1.53672468385652,1.54431587655569,1.55154008704746,1.5584189186702,1.56497254043009,1.57121978694859,1.57717825187284,1.58286437502132,1.58829352356206,1.59348006753968,1.59843745007148,1.60317825253503,1.60771425506388,1.61205649265931,1.61621530721459,1.62020039573559,1.62402085502636,1.62768522309463,1.63120151751594,1.63457727098068,1.63781956423377,1.6409776744952,1.6449610347203,1.64880465368755,1.65251496968383,1.65609806355353,1.65955968138535
1.57170393673393,1.54663119128611,1.52002027123578,1.49177988529312,1.4618163505693,1.43003432161343,1.39633771982373,1.36063088891464,1.32282000029224,1.28281472825393,1.24053020832562,1.19588928221547,1.15435498885571,1.11059006621265,1.06448108314158,1.01600027968045,0.96513962671112,0.911913726457432,0.856951733596301,0.803222629579819,0.747412615578913,0.694777176175646,0.678295007598637,0.663607890629086,0.650645519149084,0.63721414289236,0.622819211223042,0.608849177600374,0.47293958395086,0.528196025543475,0.582418861252998,0.635403413890042,0.686965037758183,0.73694196811838,0.785197274037149,0.831619894609136,0.876124796365152,0.918652337829639,0.959166962346978,1.00129260654891,1.0432975473216,1.08313836511767,1.12084825947536,1.15647495502503,1.19007804254929,1.22172647114904,1.25149624568719,1.27946836286934,1.30572700179466,1.33035797083885,1.35344740224503,1.37508067847667,1.4019227079367,1.42756174132712,1.45173860661807,1.47453611741278,1.49603407686583,1.51630899262882,1.53543389278135,1.55347822471888,1.57050782112761,1.58658491929944,1.60176822203321,1.61611299020261,1.62967115871648,1.64249146904704,1.65461961276185,1.6660983815787,1.67696782037746,1.68726538037652,1.69702607032156,1.70628260406247,1.51506900952237,1.52342744765819,1.53138442972913,1.538963227733,1.54618561302956,1.55307195516319,1.55964131505276,1.56591153263346,1.57189930909459,1.57762028389736,1.58308910678832,1.58831950504253,1.59332434618005,1.5981156964071,1.60270487503023,1.60710250508926,1.61131856044908,1.6153624095801,1.61924285624921,1.62296817733158,1.62654615794251,1.62998412407784,1.6332889729396,1.63646720111267,1.63952493074797,1.64301478282034,1.64678982060086,1.65043775647513
1.54840265277667,1.52283932282376,1.49576575191945,1.46709783248143,1.43674991319163,1.40463555123483,1.37066844421405,1.33476356082159,1.29683848673838,1.25681499778125,1.21462086561182,1.17319381461541,1.13197463165686,1.08858826722323,1.04300184355604,0.995198303325931,0.945178884768951,0.892965501179677,0.840453028827627,0.787973792093033,0.733581266706767,0.691442576509493,0.675319903522302,0.661684483532206,0.649286411378448,0.636234764061928,0.622287529541465,0.60883085001429,0.471091882491354,0.524490098596196,0.576938113033126,0.628250267924739,0.678258029213502,0.72681246516985,0.773786003634491,0.819073445013783,0.862592252705863,0.904282180832991,0.944104328245107,0.983348291302775,1.02480919710073,1.06424365551914,1.1016746729172,1.13713901930754,1.17068495572884,1.20237005448034,1.23225916408888,1.26042255401172,1.28693425933377,1.31187063348784,1.33530910740721,1.35732714638755,1.3786432593875,1.40470526766244,1.42933299772427,1.45260315430193,1.47459014833161,1.49536576228366,1.51499891297166,1.53355549612928,1.55109829861844,1.56768696577572,1.58337801300266,1.59822487222996,1.61227796528786,1.62558479748152,1.63819006579675,1.65013577714796,1.6614613729301,1.67220385687025,1.68239792378924,1.69207608740509,1.70126880574364,1.51000460510253,1.51831941304589,1.52624580621934,1.5338056391003,1.5410194032554,1.54790631344555,1.554484389155,1.56077053156928,1.56678059608151,1.57252946044765,1.57803108874186,1.58329859128151,1.58834428070812,1.59317972441497,1.5978157935176,1.60226270856205,1.60653008216361,1.61062695876292,1.61456185168142,1.61834277764943,1.62197728897319,1.62547250349875,1.62883513252101,1.63207150677991,1.63518760067464,1.63818905482064,1.64117173947222
1.52545542048721,1.49945729968225,1.47197980010472,1.44294571040485,1.41227700689333,1.37989561107805,1.34572430645007,1.3096878281026,1.27171413572456,1.23173587589069,1.19036679125465,1.1514476111729,1.11052185081399,1.06755369767508,1.02252007201369,0.975412725261502,0.926240305654992,0.875030306277297,0.824865533370595,0.77359842550628,0.720568410075907,0.688285660322972,0.672517292669012,0.659871017710625,0.648007974973923,0.635316342651621,0.621790207368423,0.608813741868801,0.46936644823449,0.521026795916295,0.571810941476685,0.621549992826376,0.670089772158074,0.717292976322767,0.763040753316522,0.807233671281837,0.849792091105476,0.89065598404586,0.929784259770399,0.967153686589451,1.00716090812989,1.0461585974201,1.08327226930486,1.11852942722641,1.15196859134551,1.18363741090164,1.21359087421905,1.24188965106355,1.268598589839,1.29378538160377,1.31751939430079,1.33987067391595,1.36090910437454,1.38226178575798,1.40728732665001,1.43097993845051,1.4534087547692,1.47464088194914,1.49474112135497,1.51377177072338,1.53179249219345,1.54886023585106,1.56502920886654,1.58035088153198,1.59487402267659,1.60864475801744,1.62170664598914,1.63410076647612,1.64586581864565,1.65703822475806,1.66765223741222,1.67774004818329,1.68733189603403,1.69645617423252,1.70513953480851,1.51340858789992,1.52129899721155,1.52883413262751,1.53603329310993,1.5429146131556,1.54949513425407,1.55579087261057,1.56181688316775,1.56758731999888,1.5731154931724,1.57841392221174,1.58349438628626,1.58836797127998,1.59304511389084,1.59753564291388,1.60184881786301,1.60599336508279,1.60997751149857,1.61380901614849,1.6174951996349,1.62104297162737,1.62445885654319,1.62774901752351,1.63091927881888,1.63397514668961
1.50288589508733,1.47650573780378,1.44867940941224,1.41933626947874,1.38840548939501,1.3558168011964,1.32150138606274,1.28539291159863,1.24742872376972,1.20755119482344,1.16924339650736,1.1305484570288,1.08995543989671,1.04743741355779,1.00297950674286,0.956580685827935,0.908255475302568,0.858505635029022,0.810120578418882,0.760027128090877,0.70830598949023,0.685293509310353,0.670526391343577,0.658345241324432,0.646803358290995,0.634453395880095,0.621324022975479,0.608797735377947,0.467751540384295,0.517783101768903,0.567004388989513,0.615261341419874,0.662412603987733,0.708331414547599,0.752907015719083,0.796045568325662,0.837670570637548,0.87772281180055,0.916159907487098,0.952955479962144,0.990307184375977,1.0288444074086,1.06560929555755,1.10062153682797,1.13391129970163,1.16551760334904,1.19548674929154,1.22387084769359,1.25072646146183,1.27611338244094,1.30009354647943,1.32273008806224,1.34408653052608,1.36422610447552,1.38562244141188,1.40968979391334,1.43251522773089,1.45416126685825,1.47468863764919,1.49415603686115,1.51261996427074,1.53013461003599,1.54675178791157,1.56252090638218,1.57748897073191,1.59170060996677,1.60519812335296,1.61802154210358,1.63020870243645,1.6417953268439,1.65281511095141,1.66329981381297,1.6732793498948,1.68278188134119,1.69183390941211,1.7004603642252,1.70868469214113,1.51653465677053,1.52404010386432,1.53121940213945,1.53808967585043,1.54466704858563,1.55096670294722,1.55700293716663,1.56278921869129,1.56833823480738,1.57366194038219,1.5787716028266,1.5836778443875,1.58839068188778,1.59291956403481,1.5972734064202,1.60146062433324,1.60548916350898,1.60936652892872,1.6130998117871,1.61669571473657,1.62016057551396,1.62350038905047,1.6267208281611
1.48071306891496,1.45400052732088,1.42587684639516,1.39627760643326,1.36513872629356,1.33239719282708,1.2979919116675,1.26186468488934,1.22396131781613,1.18556106501199,1.14889485087252,1.11046244501734,1.07023462662699,1.02819201458676,0.98432658865207,0.938643191851887,0.891160960880141,0.843530131570098,0.79615564861222,0.747197234639437,0.696732991242485,0.682454305020497,0.668637823720505,0.656935581595072,0.645666448429253,0.633641074853724,0.620921518535743,0.60878272745186,0.46623687396619,0.514738815709405,0.562489448329168,0.609347875681766,0.655184223116614,0.699881290284162,0.743335814429099,0.785459322751425,0.826178573661751,0.86543560607134,0.903187431970647,0.939405419637722,0.974204420915231,1.01226315927037,1.04865387444229,1.08338968288231,1.11649361129966,1.14799719292615,1.17793909775311,1.20636382767444,1.23332049936249,1.2588617302785,1.28304263674477,1.30591994759431,1.32755123257784,1.34799424140589,1.36730634693197,1.38875178876013,1.41193077388749,1.43394986751154,1.45486579805678,1.47473369486066,1.49360689324435,1.51153679267375,1.52857276015118,1.54476207170323,1.56014988557906,1.57477924150827,1.58869108107272,1.60192428491077,1.6145157230734,1.62650031540552,1.63791109931153,1.64877930269902,1.65913442027301,1.66900429167988,1.67841518028399,1.68739185160134,1.6959576506168,1.70413457738825,1.51194390599065,1.5194153299898,1.52657015190993,1.53342455136724,1.53999379075976,1.54629226794647,1.55233356638872,1.55813050276385,1.56369517208636,1.56903899039225,1.57417273505748,1.57910658283175,1.58385014567743,1.58841250450776,1.59280224092158,1.59702746703303,1.60109585349429,1.6050146558076,1.60879073902247,1.61243060090801,1.61594039369061,1.61932594444151
1.45895179356112,1.43195340840109,1.40358027799953,1.37377383903777,1.34247630598595,1.30963137329852,1.27518502212013,1.23908643419348,1.20128901255179,1.16575476600854,1.12929325332629,1.09115560475447,1.05131948504061,1.00977191244062,0.966510561268987,0.921545029642702,0.874898026635601,0.829304465672503,0.7829137970097,0.735052082864674,0.693734503793819,0.679757235550191,0.666844276711046,0.655599314776465,0.644591776765714,0.63287507620852,0.620550621697397,0.608768627474071,0.464813401076276,0.511876135838057,0.558240491164563,0.603777293282732,0.64836697050991,0.691901004193162,0.734283058844898,0.775429771841579,0.815271199810094,0.853750934306064,0.890825912596811,0.926465959611827,0.960653104120578,0.996378084082739,1.03237442857471,1.06680769931606,1.099694831688,1.1310608811866,1.16093783021352,1.18936343659299,1.21638014562221,1.2420340813242,1.26637412706375,1.28945110095012,1.31131702752072,1.33202450409343,1.35162615782694,1.37017418785002,1.39167287350129,1.41402602066387,1.43529346132631,1.45552682118001,1.47477629911555,1.49309050247396,1.51051632621514,1.52709886967582,1.54288138515781,1.55790525316888,1.57220997971801,1.58583321162152,1.59881076629559,1.61117667299542,1.62296322289416,1.63420102579019,1.64491907157967,1.65514479493729,1.66490414191728,1.67422163741886,1.68312045265894,1.69162247196793,1.69974835836701,1.70751761750867,1.5149519705472,1.52207827552729,1.52891253504842,1.53546920367865,1.54176194082498,1.54780365520879,1.55360654723044,1.55918214923746,1.56454136373035,1.56969449955347,1.57465130613044,1.57942100581089,1.58401232440145,1.58843351995747,1.59269240991403,1.59679639663529,1.60075249146189,1.60456733733357,1.60824723006406,1.61179813834239
1.43761326357846,1.41037249786843,1.38179433796255,1.35182570710947,1.32041466775865,1.28751109101691,1.25306741534602,1.2170394950296,1.18129444833571,1.14663562844963,1.11041029632618,1.07259430479973,1.03317123032824,0.992133497275636,0.949483491259139,0.905234627172767,0.859784335148152,0.81577737804577,0.770343108196249,0.723540361677694,0.69091086221665,0.677192406809764,0.665139069720563,0.654331020800218,0.643574438158584,0.632151568011476,0.620200900900566,0.608755355470374,0.463473130404539,0.509179313797152,0.554234792499481,0.598520862923624,0.641927221204806,0.684353240075611,0.725708980148168,0.765915917859467,0.804907385623186,0.842628732180501,0.879037221977112,0.914101701048109,0.947802063093646,0.981153772183213,1.01673999355052,1.05084932393218,1.08349351704977,1.11469203607892,1.14447101647613,1.17286225265663,1.1999022289104,1.22563120991299,1.25009240155373,1.27333118870862,1.29539445308957,1.31632997144367,1.33618589213136,1.3550102864217,1.3728507696614,1.39440578648227,1.41598930683881,1.43655442948337,1.45614826996418,1.47481666703809,1.49260404268004,1.50955329863447,1.52570574438047,1.54110105182999,1.55577723253682,1.56977063365356,1.5831159493086,1.5958462444929,1.60799298892801,1.61958609873677,1.63065398405659,1.64122360101594,1.65132050674567,1.66096891631719,1.67019176068959,1.67901074491628,1.68744640600173,1.69551816992279,1.70324440743333,1.51064256282252,1.51773682086061,1.5245471779138,1.53108733081105,1.53737024423464,1.54340819022908,1.54921278594721,1.55479502963364,1.56016533486118,1.56533356305106,1.57030905431807,1.5751006566902,1.57971675375797,1.58416529081308,1.58845379953851,1.59258942131458,1.59657892920425,1.60042874868279,1.60414497717505
1.4167054609296,1.38926276721602,1.36052063458232,1.3304311044462,1.29894765027289,1.26602581069596,1.23162389821087,1.19570378234809,1.16265152999757,1.12818006307788,1.09221764655276,1.05474555351195,1.01575242213467,0.97523522764062,0.933200232413422,0.889663884398847,0.846074920805764,0.802901769877191,0.758396209353981,0.712615533589877,0.688216351153619,0.674750759584641,0.663516095489553,0.653125780452254,0.642610021668413,0.631467127330855,0.619870595182156,0.608742840591066,0.462208977444057,0.506634367533477,0.550452132811722,0.593552948750658,0.635834867170395,0.677204442704619,0.717577638289256,0.756880493789781,0.795049552471852,0.832032050068699,0.867785880097026,0.902279356360461,0.935490799014723,0.967407974035072,1.0017204437913,1.03548850811542,1.06786785142313,1.09887311999307,1.12852534828543,1.15685106925572,1.18388145366359,1.20965149304486,1.23419923714905,1.25756509314448,1.2797911908246,1.30092081546882,1.32099790791753,1.34006662977769,1.35817099046613,1.37535453194585,1.39696812142091,1.41783272510916,1.43774018572554,1.45673361789048,1.47485499047721,1.49214500705881,1.50864301692784,1.52438695250488,1.53941328930972,1.55375702503463,1.56745167461858,1.58052927857457,1.59302042215123,1.60495426321711,1.61635856704102,1.62725974639549,1.63768290564202,1.64765188766226,1.65718932267739,1.66631667816135,1.67505430918725,1.68342150866898,1.69143655706244,1.69911677117847,1.70647855183589,1.51353914905449,1.52032229141863,1.52684242648938,1.53311186543131,1.53914227969553,1.54494473469833,1.55052972201614,1.55590719010112,1.56108657353398,1.56607682084187,1.57088642091602,1.57552342807099,1.579995485791,1.58430984921302,1.58847340639675,1.59249269843438,1.59637393845269
1.39623356046091,1.36862647365918,1.33975820316271,1.30958554693281,1.27806696791074,1.24516318873371,1.2108378499158,1.17748120379909,1.14462212518681,1.11036419681576,1.07468723901471,1.03757721914081,0.999027096921545,0.959037663354815,0.917618350376336,0.87478798542787,0.832993304885253,0.790634347131359,0.747029827454108,0.702235323532965,0.685642883432371,0.672450880402564,0.661969765881517,0.651979121839302,0.6416945509977,0.630818687403932,0.619558133323414,0.608731019845735,0.461014639469562,0.504228840870938,0.546874463561369,0.588850608060451,0.630062876273254,0.670424367695963,0.709856490892879,0.748289576117956,0.785663283434276,0.821926808824884,0.857038898110568,0.890967684616019,0.923690371251688,0.955192780875364,0.987286650059562,1.02069965021463,1.05279594317398,1.08358603586203,1.11308652169073,1.141319300924,1.16831081811777,1.1940913303826,1.21869421701935,1.24215533811253,1.26451244700451,1.2858046592755,1.30607197893989,1.32535488101448,1.34369394842091,1.36112956029871,1.3782420725048,1.39937535029128,1.41956693648012,1.43885728317887,1.45728594357472,1.47489143995034,1.49171116110193,1.50778128546484,1.52313672651781,1.53781109731966,1.55183669132364,1.56524447690548,1.5780641033207,1.59032391607224,1.60205097992036,1.61327110799243,1.6240088956617,1.63428775805135,1.6441299701872,1.65355670897584,1.66258809631244,1.67124324274112,1.67954029119078,1.68749646039609,1.69512808768884,1.70245067091009,1.70947890924638,1.51623194809046,1.52272896155591,1.52898166636733,1.53500116750774,1.54079800862807,1.54638220088968,1.55176325055334,1.55695018532162,1.56195157945102,1.56677557765807,1.57142991784914,1.57592195270974,1.58025867019015,1.58444671292894,1.58849239665617
1.37620029750181,1.34846354657974,1.3195039069577,1.289282582331,1.25776262235896,1.22490947810935,1.19124655522424,1.15987325267026,1.12718611822428,1.09316415259333,1.05779150081205,1.02105818588388,0.982960845786938,0.943503456503616,0.902698021064016,0.860855041627412,0.820500220185727,0.778935290248227,0.736204389770724,0.695515080137275,0.68318296643611,0.670785362137008,0.660494962548099,0.65088697302846,0.64082443314667,0.630203492736499,0.619262108995521,0.608719837042886,0.459884490636845,0.501951601244671,0.543485624653453,0.584393249584665,0.624586914867385,0.663985692571489,0.702516016015271,0.740112240138665,0.776717028558148,0.812281568236895,0.846765618741029,0.880137408201009,0.91237339218151,0.943457894560944,0.973410583805585,1.00645776790042,1.03825605547282,1.06881240498948,1.09813955123334,1.12625532320962,1.15318196990925,1.17894550663367,1.20357509195842,1.22710244292149,1.24956129373309,1.27098690128411,1.29141559900347,1.31088439917233,1.32943064266042,1.34709169416235,1.36390468036706,1.38119361819222,1.40164113310734,1.42120137578226,1.43991153563554,1.45780798531672,1.47492616752741,1.4913005066064,1.5069643418385,1.52194987965918,1.53628816215381,1.55000904948703,1.56314121412837,1.57571214496725,1.58774815962762,1.59927442348994,1.61031497411886,1.62089274996336,1.63102962235092,1.64074642993783,1.65006301490052,1.65899826026258,1.66757012785132,1.67579569645986,1.68369119986664,1.6912720644285,1.69855294601634,1.70554776611425,1.51227047905777,1.51874162540893,1.5249746897832,1.5309802429055,1.53676833509886,1.54234852215628,1.54772989015063,1.55292107918179,1.5579303060691,1.562765386004,1.56743375318487,1.57194248045898,1.57629829800156,1.58050761106385
1.35660629927886,1.32877193217511,1.29975279071849,1.26951414729195,1.23802325652049,1.20524987150295,1.17405283643803,1.14281637078646,1.11032319256146,1.07655626844067,1.04150351806706,1.00515845948098,0.967520850734075,0.928597312246149,0.888401912420858,0.848214557449799,0.808559311614558,0.767767949636106,0.725883664451566,0.692962938592387,0.680829658603512,0.669191785726798,0.659152732804381,0.649845620165066,0.639996414030962,0.629619060788416,0.618981259707443,0.60870924189674,0.458813493525336,0.499792668724828,0.540271104720766,0.580162342075256,0.619385023757234,0.657863679890581,0.695529381671914,0.732320253415263,0.768181837197204,0.803067309976754,0.836937558053988,0.86976111805631,0.901513997160602,0.93217938785226,0.961747294183298,0.992738621973355,1.0242267830657,1.05453378823718,1.08366902658344,1.11164675583441,1.13848550723877,1.16420750288291,1.18883809491339,1.21240523405173,1.23493897283937,1.25647100729089,1.27703425909639,1.29666249919618,1.31539001247946,1.3332513024968,1.35028083442115,1.36651281402035,1.38397330872041,1.4037775750817,1.42274442281729,1.44090811890064,1.45830218685303,1.47495930926022,1.49091125124631,1.50618880239027,1.52082173473794,1.53483877475219,1.54826758722892,1.56113476939714,1.57346585360578,1.58528531717165,1.5966165981302,1.60748211578291,1.6179032950731,1.6279005939539,1.63749353302315,1.64670072680592,1.65553991615711,1.66402800133717,1.67218107538715,1.68001445749138,1.68754272607062,1.69477975139741,1.70173872756562,1.70843220368069,1.51487532529015,1.52108616216319,1.52707504671157,1.53285156285922,1.53842483486779,1.54380354967395,1.5489959783203,1.55400999648139,1.55885310409439,1.56353244410691,1.56805482036194,1.57242671464147
1.33745038221056,1.309547899372,1.2804983910166,1.25027087697582,1.21883645740867,1.18726544916426,1.15737149860067,1.12629327045624,1.09401304012645,1.06051726670391,1.02579715715883,0.989849233304128,0.952675889640229,0.914285928409295,0.874695056636285,0.836107355632363,0.797136910187489,0.757098566429787,0.716034437710757,0.690514626817755,0.678576527697137,0.667665820652989,0.657982317799995,0.648851670430095,0.639207540012302,0.629063149152021,0.61871444889508,0.608699189271233,0.457797124194302,0.497743070833737,0.537217836873857,0.576141164835477,0.614437339083902,0.652035884767229,0.688872155958527,0.724887803270927,0.76003111569381,0.794257235821675,0.827528251781264,0.859813172798691,0.891087798372803,0.921334493320197,0.950541882519723,0.979518801748008,1.01068718551731,1.04073186040423,1.06965932079095,1.09748069740687,1.12421123281684,1.1498697629735,1.17447821361758,1.19806111858716,1.22064516544437,1.24225877230652,1.26293169841582,1.28269468979261,1.30157916032724,1.31961690784855,1.33683986406192,1.35327987676425,1.36896852238882,1.38659570108672,1.40579544127993,1.42420354564752,1.44185165592205,1.45877073592239,1.47499098723749,1.49054178272757,1.50545161574733,1.51974806314026,1.53345776019982,1.54660638594918,1.55921865724383,1.57131833035132,1.58292820880375,1.59407015645636,1.60476511480687,1.6150331237513,1.62489334505236,1.63436408789647,1.6434628360005,1.65220627580569,1.6606103253672,1.66869016360656,1.67646025964882,1.6839344020137,1.69112572747027,1.69804674939984,1.70470938554442,1.51112518347679,1.51731149424779,1.5232812748412,1.52904366824089,1.53460738981768,1.53998074746359,1.54517166095308,1.55018768052947,1.55503600471756,1.55972349737282,1.56425670397902
1.31872981738587,1.29078631017451,1.26173300745944,1.23154237239866,1.20018901417594,1.17095397182931,1.1411878328415,1.11028652021021,1.07823552723495,1.04502438248022,1.01064714940905,0.975102923759006,0.93839631798481,0.900537920717906,0.861764726168033,0.824502695967384,0.786201821179311,0.746896017414581,0.706626224239104,0.688164379144734,0.676417611306506,0.666203451837226,0.656861873260599,0.647902019260557,0.638455124464119,0.628533727331501,0.618460650618776,0.608689638537254,0.456831308404813,0.495794718735149,0.534314023967618,0.572314593376571,0.609725851149035,0.646481900302932,0.682522052404748,0.717791254520405,0.752240408485541,0.785826581218252,0.818513108230437,0.850269595554554,0.881071827897234,0.910901592858278,0.93974643249542,0.967599334374103,0.997616885329465,1.02738854606884,1.05609475800983,1.08374391891974,1.11034836704188,1.13592392051709,1.16048942600263,1.18406632313712,1.20667823011082,1.22835055429465,1.24911013069947,1.26898488997538,1.28800355676082,1.30619537842549,1.32358988363359,1.34021666967058,1.35610521710516,1.37128473010356,1.38907375832093,1.40770433673148,1.4255854211744,1.44274628864935,1.45921559692632,1.47502131133104,1.4901906467391,1.50475002303206,1.51872503237984,1.53214041683766,1.5450200548728,1.55738695555961,1.56926325930455,1.58067024408189,1.59162833626795,1.60215712527029,1.6122753812398,1.62200107524401,1.63135140136059,1.64034280022007,1.64899098359488,1.6573109596877,1.66531705882476,1.67302295930635,1.68044171320564,1.6875857719428,1.69446701149353,1.70109675711548,1.70748580750183,1.51364627965956,1.5195947796537,1.525340758973,1.53089254556581,1.5362580874152,1.54144497005049,1.54646043339267,1.5513113879341,1.5560044302557
1.30044056664441,1.27248085761048,1.24344793876011,1.21331743029636,1.18365415892698,1.15510699686867,1.12548687615037,1.09477870391639,1.06297082447111,1.03005545885512,0.996029146706437,0.960893182072352,0.92465403364852,0.887323738860462,0.85003869203262,0.813371936602501,0.775725126871975,0.737131582688487,0.697631007572058,0.685906801709234,0.674347379828345,0.664800954961557,0.65578836761203,0.646993821318451,0.637736718635619,0.628028952392041,0.618218936437051,0.608680553023807,0.455912367114319,0.493940301218556,0.531548988543982,0.568668914607526,0.60523419538364,0.64118313548064,0.676458705923564,0.7110089340052,0.744787200659162,0.777752443807829,0.809869268998528,0.841107971219466,0.871444474011779,0.900860193772828,0.929341838459206,0.956881150741707,0.984996137847258,1.01448612382264,1.04295974739846,1.0704230223133,1.09688572612444,1.12236099158318,1.14686490272271,1.17041610184863,1.19303541246066,1.21474548201982,1.23557044745126,1.25553562533325,1.27466722791089,1.29299210536938,1.31053751421821,1.32733091116771,1.34339977150654,1.35877143071792,1.37347294787489,1.39141906124513,1.40951285830592,1.42689603709506,1.44359573897473,1.45963853871671,1.47505038068694,1.48985652806839,1.50408152365343,1.51774916083104,1.53088246349795,1.54350367372183,1.55563424609098,1.56729484778474,1.57850536349418,1.58928490441735,1.59965182063607,1.60962371626361,1.61921746682522,1.62844923840016,1.63733450811596,1.64588808564023,1.6541241353633,1.66205619901264,1.6696972184752,1.67705955864072,1.68415503010988,1.69099491163646,1.69758997219734,1.70395049260423,1.51008629209001,1.5160115696151,1.52173907609484,1.5272767723847,1.53263226475474,1.53781282074393,1.54282538444427,1.54767659121038
1.28257749169661,1.25462427434879,1.2256336873985,1.1955842399123,1.16813936135334,1.13971168109033,1.11025356165508,1.07975254827752,1.04819950679018,1.01558901523793,0.981919754172498,0.947194888110951,0.911422429697696,0.874615577297883,0.838771256697817,0.802688385042643,0.765680003821546,0.727778734463972,0.694610907897333,0.683736849554319,0.672403436427515,0.663454873448974,0.654758999289128,0.646124464752545,0.637050086195084,0.627547147876539,0.61798846410417,0.608671899547468,0.455036969708624,0.492173193568288,0.528913043492647,0.565191666951203,0.600947470639725,0.636122620911278,0.670663475348357,0.704520938842662,0.737650740009126,0.770013626243708,0.801575478123335,0.832307346021677,0.862185413722524,0.891190895366752,0.919309873255665,0.946533084838837,0.972855667644887,1.00200730467592,1.03023888888195,1.05750456952312,1.08381187017532,1.10917153758627,1.1335971807493,1.15710491688019,1.17971302904097,1.20144163921271,1.22231239973529,1.24234820520679,1.26157292621121,1.28001116560116,1.29768803752013,1.31462896890041,1.33085952280792,1.34640524272765,1.36129151667245,1.37554345985277,1.39364198743252,1.41122872337523,1.42814077850157,1.44440336064188,1.46004115833382,1.47507828500288,1.48953823436104,1.50344384578605,1.51681727852249,1.52967999362723,1.54205274266841,1.55395556227226,1.56540777369356,1.57642798666872,1.58703410688363,1.59724334646154,1.60707223694353,1.61653664429433,1.62565178552377,1.63443224656574,1.64289200110155,1.65104443005967,1.65890234155847,1.66647799109323,1.67378310180045,1.68082888465513,1.68762605848413,1.69418486969606,1.70051511164751,1.70662614358129,1.51252780764703,1.51823499435734,1.52375665452892,1.52910006999603,1.53427220580342,1.53927972408754
1.2651345386872,1.23720851492575,1.20828013635767,1.18036354545204,1.15304757262782,1.12475498938023,1.09547284128674,1.06519102385779,1.03390262911083,1.00160429400897,0.968296544833001,0.93398413073323,0.898676338968864,0.86254720736732,0.827937907619314,0.79242715740694,0.756041554224523,0.71881294535827,0.692368930809306,0.681649804193533,0.670971878779997,0.662161997117718,0.653771176654412,0.645291548352082,0.636393180930762,0.627086785491971,0.617768467802909,0.608663648007411,0.454202093719908,0.490487378938436,0.526397380178992,0.561871501577928,0.596852080780826,0.631284838535657,0.665119269102019,0.698308965636898,0.730811876747842,0.762590492467542,0.793611959903324,0.823848130655036,0.853275543729444,0.881875349036854,0.909633177617896,0.936538965505698,0.962586738572584,0.989935289444202,1.01791705558738,1.04497518667284,1.07111522564391,1.0963458023904,1.12067831162588,1.14412659445684,1.16670662807571,1.18843622721511,1.20933476024215,1.22942288205331,1.2487222852867,1.26725547079161,1.28504553779392,1.30211599377824,1.31849058375304,1.33419313829259,1.3492474395306,1.3636771041216,1.37797958320929,1.39575186313106,1.41285887929362,1.42932450175615,1.44517218364546,1.46042490136984,1.47510510562756,1.48923468210335,1.50283492080656,1.51592649306666,1.52852943527368,1.54066313851981,1.55234634336888,1.56359713905159,1.57443296644869,1.5848706242885,1.59492627804662,1.60461547108904,1.61395313765439,1.62295361731653,1.63163067061329,1.63999749556749,1.64806674486093,1.65585054345465,1.66336050647865,1.6706077572388,1.67760294521241,1.68435626392382,1.69087746860956,1.6971758935983,1.70326046934462,1.70913973906697,1.5148250214358,1.52032889115787,1.52565839142074,1.53082019952679
1.24810490051431,1.22022491433864,1.19184949862615,1.16557167107882,1.1383675159572,1.11022381105738,1.08112978506023,1.05107742402481,1.02006178181542,0.988081289782985,0.955138060319366,0.92123817824148,0.886391973390963,0.851612344605816,0.817515682029525,0.782565046311366,0.746786650746054,0.710211514534046,0.690207954482437,0.679641251950563,0.66959364398107,0.660919342472546,0.652822499776824,0.64449286124056,0.635764127168845,0.626646469151901,0.617558249674851,0.608655771035583,0.453404990005318,0.488877380278605,0.52399397135635,0.558698061593563,0.592935596200323,0.626655571977632,0.659810391015549,0.692356158209638,0.724252919133867,0.755464836527879,0.785960305335471,0.815712007789015,0.844696911437256,0.87289621419655,0.900295241452591,0.926883300940985,0.95265350157695,0.978253809105488,1.00597945700495,1.03282164739877,1.05878418591724,1.08387382717932,1.10809998760388,1.13147445936095,1.15401112956821,1.17572570817281,1.19663546731135,1.21675899431697,1.23611595997733,1.25472690312862,1.27261303221692,1.28979604406813,1.30629795977338,1.32214097733174,1.33734734047152,1.35193922290844,1.36593862717795,1.38047184232553,1.39775709278858,1.41440959694719,1.43045159776794,1.44590495236026,1.46079107950369,1.47513091650999,1.4889448844826,1.50225286108173,1.51507415995926,1.52742751608617,1.53933107625009,1.55080239406478,1.56185842888578,1.57251554808516,1.58278953219139,1.59269558244861,1.60224833039972,1.61146184913887,1.62034966591987,1.62892477584592,1.63719965639734,1.6451862825858,1.65289614255179,1.66034025344606,1.66752917745849,1.67447303787774,1.68118153508299,1.68766396238403,1.69392922164109,1.69998583860614,1.70584197794055,1.51150579621339,1.51699029618457,1.52230421635961
1.23148115909894,1.20366432556993,1.17735279406418,1.15116661440186,1.12408776807908,1.0961050556581,1.06720966061093,1.03739542552867,1.00665912985114,0.975000764827756,0.942423800847982,0.908935441751863,0.874546860293345,0.841076047755568,0.807483065567847,0.773080397443535,0.737893794042725,0.701953410111524,0.68812397286129,0.677707063274168,0.668265959560372,0.65972413456488,0.651910743911992,0.643726364801589,0.635161202535394,0.626224921030312,0.617357172451642,0.608648243693457,0.452643152541827,0.487338201196811,0.52169548663909,0.555661876545201,0.589186632435327,0.622221774741627,0.654722403723211,0.686646971692547,0.717957503416908,0.748619762996187,0.778603366932872,0.807881844430556,0.836432647162917,0.864237111783372,0.891280379288096,0.917551275986306,0.943042161261327,0.967748747539374,0.994411686280341,1.02103093870474,1.04680719337663,1.07174554620666,1.09585364853265,1.11914145044574,1.1416209470286,1.16330593072816,1.18421175253727,1.2043550941195,1.22375375251853,1.24242643863076,1.26039259021061,1.27767219981995,1.29428565781959,1.31025361024774,1.32559683121416,1.34033610927309,1.35449214711173,1.36808547379586,1.3828414434316,1.39966526993196,1.4158865510072,1.43152604640247,1.44660415840716,1.46114088565444,1.47515578502231,1.48866794083499,1.50169594060576,1.51425785660784,1.52637123260641,1.53805307513656,1.5493198487583,1.56018747476922,1.57067133290328,1.58078626558629,1.59054658436355,1.59996607815366,1.60905802301853,1.61783519317721,1.62630987301893,1.6344938699017,1.64239852754939,1.65003473988276,1.65741296514224,1.66454324017988,1.67143519481412,1.67809806615791,1.68454071284356,1.69077162907953,1.69679895848722,1.70263050767175,1.70827375949309,1.51373779727374
1.21525540966219,1.18845249859884,1.16321982527187,1.13713842270733,1.11019685046539,1.082385731172,1.05369799611662,1.02412913387208,0.99367743851668,0.962344253545966,0.930134207098013,0.897055433699288,0.86322745335507,0.830918457884114,0.797819895918615,0.763952994686798,0.729342982150002,0.69596333632503,0.686113210640888,0.675843373144494,0.666986227447587,0.658706418108069,0.651033844531506,0.642990176567919,0.634582822745673,0.62582096933826,0.617164653023907,0.6086410432083,0.451914292139055,0.485865274421493,0.519495218685994,0.552754270038789,0.585594743489505,0.617971453865841,0.649842007413445,0.681167051078484,0.711910476637429,0.742039578044995,0.771525161564926,0.800341609371428,0.828466898344624,0.855882576678674,0.882573701666899,0.908528742612179,0.933739453218508,0.958200718065232,0.983199754493301,1.00959031223918,1.03517280575498,1.05995086615157,1.08393057205256,1.10712021950246,1.12953009291164,1.15117224003418,1.17206025351263,1.19220906105907,1.21163472591214,1.23035425880227,1.24838544228881,1.26574666800707,1.28245678707342,1.29853497365706,1.3140006015193,1.32887313315702,1.34317202105754,1.35691662047137,1.37012611303855,1.38509720875534,1.40148327245075,1.41729488903994,1.4325514634399,1.44727206908429,1.46147540712316,1.475179772675,1.48840302744637,1.50116257807105,1.51347535955469,1.52535782325582,1.53682592887214,1.54789513994242,1.55858042241715,1.56889624588758,1.57885658710245,1.5884749354367,1.59776430000989,1.60673721818456,1.6154057652033,1.62378156474935,1.63187580024295,1.63969922670507,1.64726218304323,1.6545746046316,1.66164603607411,1.66848564405565,1.67510223019883,1.68150424385565,1.68769979477645,1.69369666560422,1.69950232415482,1.70512393544821
1.19941936891737,1.17458772571008,1.14944192200742,1.12347703044502,1.09668330498981,1.06905300734991,1.04058062928021,1.01126311613191,0.981100088497746,0.950094058399017,0.918250636087576,0.885578723207943,0.852983819061835,0.821120885242467,0.788507271739583,0.755163953509593,0.721115590881925,0.693896431945483,0.684172110527346,0.674046562626746,0.66575201225439,0.657742404152639,0.650189883757403,0.642282555838588,0.634027528151395,0.62543353758094,0.616980156811657,0.608634148743046,0.451216313489747,0.484454416748589,0.517387018547771,0.549967278616182,0.582150327846878,0.613893566992877,0.645156932016711,0.675903122557123,0.706097790953784,0.735709690285569,0.764710780889136,0.793076295780402,0.820784766293412,0.847818010029394,0.874161083868358,0.89980220532365,0.924732645902125,0.948946600379532,0.972441036021402,0.998487323445047,1.02386974923773,1.04847973145111,1.07232194934068,1.09540321556795,1.1177322696581,1.13931957377159,1.16017711316961,1.18031820335623,1.19975730550801,1.218509851443,1.23659207905262,1.25402087882571,1.27081365182759,1.28698817927314,1.30256250363573,1.31755482107423,1.33198338483051,1.34586641914648,1.35922204317306,1.37206820429006,1.38724713693983,1.4032173447824,1.41863929123377,1.43353114124364,1.44791075204691,1.46179563702746,1.47520293574042,1.48814938950692,1.50065132202123,1.51272462444694,1.52438474450843,1.53564667912101,1.54652497013797,1.55703370282517,1.56718650670891,1.57699655847366,1.58647658661654,1.59563887759508,1.60449528323074,1.61305722915493,1.62133572411009,1.629341369936,1.63708437209414,1.644574550599,1.65182135124141,1.65883385700494,1.66562079958778,1.67219057095555,1.67855123486156,1.68471053827825,1.69067592269535,1.69645453524502
1.18532476673165,1.16105774887627,1.13601025792828,1.11017233152077,1.08353575625322,1.05609426634927,1.02784374465859,0.998782423474278,0.968911082280718,0.938233239215282,0.906755332728571,0.874486889673402,0.843089774125596,0.81166573840568,0.779527466981617,0.746695622244673,0.713194264398177,0.691897528239034,0.68229732073401,0.67236785733511,0.664561030211043,0.656812715112869,0.64937707806817,0.641601890819213,0.633493971816079,0.625061635090871,0.616803192822081,0.608627541194925,0.450547295073971,0.483101789542129,0.515365238881654,0.547293580330823,0.578844545465842,0.609977931115328,0.640655841170531,0.670842896162589,0.700506408299253,0.729616520509822,0.758146308905712,0.786071848879074,0.813372245831415,0.840029632200434,0.866029133036602,0.8913588028555,0.916009536847561,0.939974959768277,0.963251295968014,0.987709860656664,1.01288696040183,1.03732217766898,1.06101894838636,1.08398275652999,1.10622094804948,1.12774254571106,1.14855806707974,1.16867934752169,1.18811936978777,1.20689210142565,1.22501234097515,1.24249557363893,1.25935783687578,1.27561559615829,1.29128563095068,1.3063849308087,1.32093060137776,1.33493977996059,1.34842956024565,1.3614169257291,1.37391869131845,1.38929849668009,1.40487316904799,1.41992402219543,1.43446808410195,1.44852209680015,1.46210248428178,1.47522532579912,1.48790633405399,1.50016083779586,1.51200376837428,1.52344964982082,1.53451259206617,1.54520628692477,1.55554400651117,1.56553860377862,1.575202514897,1.58454776321589,1.59358596457973,1.60232833378626,1.61078569200202,1.61896847496612,1.62688674183404,1.63455018452871,1.64196813748186,1.6491495876631,1.65610318480668,1.66283725175644,1.66935979486243,1.67567851436869,1.68180081474303,1.68773381490541
1.17203950275315,1.14785482925644,1.12291591903361,1.09721423970855,1.07074296248084,1.04349714267115,1.01547390128308,0.986672605246595,0.957095043707788,0.926745597463379,0.895631398398173,0.863824299204062,0.833529006464531,0.80253645655681,0.770863850569712,0.738531490830127,0.705562815122568,0.689963571619445,0.680485682852967,0.671112623269802,0.663411138772276,0.655915608319456,0.64859376715334,0.640946687106309,0.632980908921881,0.624704348664354,0.616633309298867,0.608621203018698,0.449905471511513,0.481803864006765,0.513424683941406,0.544726431702487,0.575669244298633,0.606215141503005,0.636328246524976,0.665974978439322,0.695124214293174,0.723747419536405,0.751818746151436,0.779315098555523,0.80621616801281,0.832504436881971,0.858165154539731,0.883186287246832,0.907558444549948,0.931274785045479,0.954330904475023,0.977246165894562,1.00221361878273,1.02646837468325,1.05001276652969,1.07285108967963,1.09498943441287,1.11643551822414,1.13719851997145,1.15728891765158,1.17671833129969,1.19549937223598,1.21364549962468,1.23117088507526,1.24809028579458,1.26441892660949,1.28017239100634,1.29536652118799,1.3100173270276,1.32414090369443,1.33775335764651,1.35087074062222,1.36350899121428,1.37568388357885,1.39125790790371,1.40645592683108,1.42115297601732,1.43536503903822,1.44910783347511,1.46239678233689,1.4752469902193,1.48767322376653,1.49968989601907,1.51131105425463,1.52255037095623,1.53342113756226,1.54393626068183,1.55410826048138,1.56394927097201,1.57347104195265,1.58268494238318,1.59160196498399,1.60023273187881,1.60858750111403,1.61667617390698,1.62450830248987,1.63209309843126,1.63943944133091,1.64655588779494,1.65345068060973,1.66013175804461,1.66660676321927,1.67288305348387,1.67896770976476
1.15906340127183,1.13497110439689,1.11014996155293,1.0845927387934,1.05829385665254,1.03124955406404,1.00345805221998,0.9749197162217,0.945637212125478,0.915615656769482,0.884862757581647,0.854189750298791,0.824286102492401,0.793717445121129,0.7625008113208,0.730656106552973,0.698206132232779,0.68809166674517,0.678734220194869,0.669898486221972,0.662300326888395,0.655049452068761,0.647838403804102,0.640315557359082,0.632487187339262,0.624360835154451,0.616470089882054,0.60861511807109,0.449289218021356,0.48055739057314,0.511560565419665,0.542259611930945,0.572616895094651,0.602596499528281,0.632164431141098,0.661288793987682,0.689939940439695,0.71809059341781,0.745715940049208,0.772793696713429,0.79930414601278,0.825230146717307,0.850557118186668,0.875273001153775,0.899368197054144,0.922835488304874,0.945669942083684,0.967868800219851,0.991839171594874,1.01590866122818,1.03929467377268,1.06200044266208,1.08403092804521,1.10539266501059,1.12609361261513,1.14614300537466,1.1655512086396,1.18432957904064,1.20249033096276,1.22004640979681,1.23701137251894,1.25339927597433,1.26922457308353,1.28450201705047,1.29924657353805,1.31347334067355,1.32719747666782,1.34043413476735,1.35319840520603,1.36550526378986,1.37779765359112,1.39313141237796,1.40797035299977,1.42232971560905,1.43622452275002,1.44966954927871,1.46267929684973,1.47526797257697,1.48744947148925,1.49923736242051,1.5106448769951,1.52168490138783,1.53236997056063,1.54271226469875,1.55272360758927,1.56241546670719,1.57179895479226,1.58088483271878,1.58968351348001,1.59820506712371,1.60645922649247,1.61445539363707,1.6222026467842,1.62970974775319,1.636985149728,1.64403700530062,1.65087317471336,1.65750123423403,1.66392848460869,1.67016195954235
1.14638952793447,1.1223986432323,1.09770346064683,1.07229792386679,1.04617757931566,1.01933972484042,0.991783557476671,0.963510318320207,0.934523432330774,0.904828640719176,0.874434123423541,0.844864314124192,0.815346496406107,0.78519401485025,0.754423687916716,0.723054996333964,0.695176444228702,0.686279068948686,0.677040126656429,0.668723565634354,0.661226705925934,0.654212717476943,0.64710954473824,0.639707212022147,0.632011739214749,0.624030314895719,0.616313150209997,0.608609271473504,0.448697036700786,0.479359371839862,0.509768463361379,0.539887373417093,0.569680533427872,0.599113948286927,0.62815538090181,0.6567745148919,0.684943093753387,0.712635035328249,0.739826520946554,0.766496059123967,0.792624524193962,0.818195170700688,0.84319362477787,0.867607854081522,0.891428118115392,0.914646900995689,0.937258828845633,0.959260574082434,0.98175335190907,1.00563357211969,1.02885604818461,1.05142306611344,1.07333857008489,1.09460802519134,1.11523828013326,1.13523743140623,1.15461469032479,1.17338025401943,1.19154518134557,1.20912127445891,1.2261209666309,1.24255721672326,1.25844341059235,1.27379326956759,1.2886207660377,1.30294004608256,1.31676535900879,1.33011099358413,1.34299122071058,1.35542024224047,1.3674121456078,1.37995442406973,1.3949245353179,1.40942078274484,1.42345750713094,1.4370488452379,1.45020870294925,1.46295073243969,1.4752883130291,1.48723453539297,1.49880218881721,1.51000375119972,1.52085138152177,1.53135691452816,1.54153185737323,1.55138738800964,1.5609343551124,1.57018327934742,1.57914435581209,1.58782745748854,1.59624213956578,1.60439764450116,1.6123029077027,1.61996656372781,1.62739695290328,1.63460212828194,1.64158986286206,1.64836765700143,1.65494274596897,1.66132210758136
1.13401084972728,1.11012949287856,1.08556755111914,1.06032003500897,1.03438350432699,1.0077562028352,0.980438191433897,0.952431477908136,0.923740141296189,0.894370448773561,0.864352221068456,0.835834428974225,0.806696421504748,0.776952324367278,0.746618703704249,0.715714595089567,0.693317639187974,0.684523176699906,0.675400756147962,0.667586085034196,0.660188501213165,0.653403970968048,0.646405842266843,0.63912045097935,0.631553573451854,0.623712065853976,0.616162134905148,0.608603649490552,0.448127544380153,0.478207038599311,0.508044291482721,0.537604397777808,0.566853708037582,0.595760015060519,0.62429272299272,0.652422997150014,0.680123893039431,0.707370463506443,0.734139843392091,0.760411311524084,0.786166330298401,0.811388563496618,0.836063873337046,0.860180298062669,0.883728011615563,0.906699267140266,0.929088326198856,0.950891375657188,0.972106434238431,0.995633859300312,1.01868840454407,1.04111126910581,1.06290548491257,1.08407554979097,1.10462730268713,1.12456779957899,1.14390519134193,1.16264860465003,1.18080802682276,1.19839419536375,1.21541849277738,1.23189284710978,1.24782963852405,1.2632416121041,1.27814179697667,1.29254343175089,1.30645989619701,1.31990464902363,1.33289117155813,1.34543291709628,1.35754326565315,1.36923548382567,1.38201927928666,1.39664233929884,1.4108111928054,1.42453935022341,1.43784013058388,1.4507266374927,1.46321173865183,1.47530804864234,1.48702791468454,1.49838340510089,1.50938630022421,1.52004808550823,1.5303799466114,1.54039276624348,1.55009712257702,1.5595032890415,1.56862123533392,1.57746062949116,1.58603084088472,1.59434094401002,1.60239972295439,1.61021567643911,1.61779702334159,1.62515170861193,1.63228740950954,1.63921154209053,1.6459312678867,1.6524535007229
1.12192027957212,1.09815571823999,1.07373346120229,1.04864948444093,1.02290125860393,0.996487871059221,0.969410145803884,0.941670759588922,0.913274352479988,0.884227630967393,0.855258426959886,0.827087234898867,0.798322863692312,0.76897932612518,0.739072906071933,0.708622179724053,0.691514332768791,0.682821524197798,0.67381361259485,0.666484365908262,0.659237118327644,0.652621867351175,0.645726036719556,0.638554156033815,0.631111768977298,0.623405418409724,0.616016714894066,0.608598239422326,0.447579461846225,0.477097828545137,0.506384266327949,0.535405756658664,0.564130434700219,0.592527759797068,0.620568670632761,0.648225723332632,0.675473211140827,0.702287264683763,0.728645932225329,0.754529239698678,0.779919230674308,0.804799986764871,0.829157629276852,0.852980303192347,0.876258144786654,0.898983234366196,0.921149535745087,0.942752824158498,0.963790604356004,0.98590050768055,1.00878341720958,1.03105744838661,1.05272481504181,1.07378914152835,1.094255349404,1.11412954414842,1.13341890309398,1.15213156559434,1.17027652630389,1.18786353229919,1.20490298462935,1.22140584475758,1.2373835462326,1.25284791182064,1.26781107623387,1.28228541450336,1.29628347597208,1.3098179238224,1.32290147999771,1.33554687533904,1.34776680472199,1.35957388695441,1.37098062917915,1.38399796360768,1.39828947156861,1.41214523770318,1.42557800461694,1.43860033527421,1.45122459143267,1.46346291523292,1.47532721368394,1.48682914579305,1.49798011210276,1.50879124640873,1.51927340944479,1.52943718433689,1.53929287363846,1.54885049777404,1.55811979473193,1.56711022085655,1.57583095260616,1.58429088915078,1.59249865569719,1.60046260743815,1.60819083403215,1.61569116452879,1.6229711726651,1.63003818246267,1.63689927406587,1.64356128976638
1.11011071447762,1.08646943534195,1.06219254035263,1.03727687809041,1.01172073681852,0.985523954949767,0.958688028959676,0.93121621725358,0.903113638383075,0.874387361922778,0.84643991056776,0.818610536652175,0.790213517248489,0.76126271569072,0.731774110143204,0.701765808324748,0.689764257742999,0.681171774158232,0.672340193007676,0.665416821868962,0.658391484443835,0.651865143443134,0.645068949553618,0.63800728412247,0.630685468699362,0.623109750696886,0.615876585019241,0.608593029508627,0.447051604257693,0.476029367318557,0.504784879779179,0.53328687674772,0.561505154958932,0.589410728896775,0.616975973340412,0.644174750790637,0.670982522540464,0.697376442482301,0.723335433083006,0.748840243285506,0.77387348842232,0.798419672523782,0.822465193677235,0.845998333336642,0.869009230683485,0.891489843303291,0.913433895570373,0.934836816212058,0.955695666575031,0.976424746616836,0.999132938081546,1.02125411227797,1.04278975035052,1.06374268873739,1.0841170163245,1.1039179711017,1.12315183741713,1.1418258447924,1.15994806913207,1.17752733703511,1.19457313378907,1.2110955155158,1.2271050258259,1.24261261724003,1.25762957754792,1.27216746119349,1.2862380257059,1.29985317313693,1.31302489641253,1.3257652304664,1.33808620798782,1.34999981958923,1.361517978181,1.37265248732394,1.38589575405301,1.399870205686,1.41342628167639,1.42657601362243,1.43933126440024,1.45170370877489,1.46370481681501,1.47534583988212,1.48663779897621,1.49759147522888,1.50821740234497,1.51852586080734,1.52852687366783,1.53823020376083,1.54764535218718,1.55678155792638,1.56564779844635,1.57425279119085,1.58260499583365,1.59071261719876,1.59858360875509,1.60622567660089,1.61364628386379,1.62085265544646,1.62785178305749,1.63465043047198
1.09857506801702,1.07506283918916,1.05093628187027,1.02619303238743,1.00083211183214,0.974854025978091,0.948260862339888,0.921056383017786,0.893246111883108,0.864837414594832,0.837885275605129,0.81039276798716,0.782356742891591,0.753790884231025,0.72471084651644,0.696264559358312,0.688065254102675,0.679571710844621,0.67122260890724,0.664381953120478,0.657572029819065,0.651132612194437,0.644433477079123,0.637478861184081,0.630273874077213,0.622824484429135,0.615741461906315,0.608588008843627,0.446542872601598,0.474999451598948,0.503242874501592,0.531243508475521,0.558972699127266,0.586402913682205,0.613507872108781,0.640262664810437,0.666643855769825,0.692629570312384,0.718199566949403,0.743335293043326,0.768019924323727,0.792238388541579,0.815977373791771,0.839225322249925,0.861972410251406,0.884210515790393,0.905933174636849,0.927135526347159,0.947814251498621,0.967967501494349,0.989729010394472,1.01169389998441,1.03309355239676,1.05393009414226,1.07420685906467,1.09392829412501,1.11309986527476,1.13172796431997,1.14981981756535,1.1673833969197,1.18442733402949,1.20096083790979,1.21699361643942,1.23253580199834,1.24759788144406,1.26219063054789,1.27632505294641,1.29001232360819,1.30326373676321,1.31609065820461,1.32850448183529,1.3405165903055,1.35213831956663,1.36338092714894,1.37425556396044,1.38771750673508,1.4013884782563,1.41465742689481,1.42753572491548,1.44003458601459,1.45216504785205,1.46393795707814,1.47536395665632,1.48645347528959,1.49721671876593,1.50766366305045,1.51780404895849,1.52764737825519,1.53720291103727,1.54647966426169,1.55548641129618,1.56423168237549,1.57272376585675,1.58097071017538,1.58898032641202,1.59676019138748,1.60431765121197,1.61165982521929,1.61879361022549,1.62572568505616
1.08730629782745,1.06392822686312,1.0399563410644,1.01538898700164,0.990225841560698,0.964468002266069,0.93811807452549,0.911180254568885,0.883660406781146,0.856212040040562,0.829583681791949,0.802422957411484,0.774741528123235,0.74655287406484,0.717872312789711,0.694527921945737,0.686415264347186,0.678019233372943,0.670137665028198,0.663378341227058,0.656777598255582,0.65042315727907,0.643818584740171,0.636967976609948,0.629876240230897,0.622549081155533,0.61561108205542,0.608583167299663,0.446052246061265,0.474006033986451,0.50175522196584,0.529271697957889,0.556528253062939,0.583498713014036,0.610158058942847,0.636482536187877,0.662449750137818,0.688038748346395,0.713230088408968,0.73800589133594,0.762349880407285,0.786247405720263,0.809685454855272,0.832652650278886,0.855139234265327,0.877137042255574,0.898639465685197,0.919641405387271,0.940139216732451,0.960130647691142,0.980563878981588,1.00236959696694,1.02362957447746,1.04434529913515,1.06451942081988,1.08415566582582,1.1032587506888,1.12183429652662,1.13988874463628,1.15742927399859,1.17446372123969,1.19100050351245,1.20704854466831,1.22261720501033,1.23771621484321,1.25235561196609,1.26654568319263,1.28029690993051,1.29361991780193,1.30652543025016,1.31902422603986,1.33112710053293,1.3428448305989,1.35418814300108,1.3651676860866,1.375794004601,1.38946769788163,1.40284792142706,1.41584153845143,1.42845930897267,1.4407118438861,1.45260958919374,1.46416281246099,1.47538159132355,1.48627580387591,1.49685512078035,1.5071289989427,1.51710667660918,1.52679716974913,1.53620926959422,1.54535154121583,1.55423232302877,1.56285972711874,1.57124164029835,1.57938572580404,1.58729942555339,1.59498996288972,1.60246434574597,1.60972937016748,1.61679162413794
1.0762974287479,1.05305801648653,1.02924454959122,1.00485601413748,0.979892672861432,0.954356146763329,0.928249493485318,0.901577281352627,0.874345657908598,0.847848259210625,0.821524817283392,0.794690695469244,0.767357449812112,0.73953833712753,0.711248328613096,0.692839242218078,0.684812328797024,0.676512349310565,0.669084027734532,0.66240464417992,0.656007097536135,0.649735728110864,0.643223301897717,0.636473778214742,0.629491871530638,0.622283038894957,0.61548520012967,0.608578495459053,0.445578775184315,0.473047209459051,0.500319102737995,0.527367761797682,0.55416732827375,0.580692899582251,0.606920640279118,0.63282788275357,0.658393216345296,0.683596564185837,0.708419247284969,0.732844035595128,0.756855186005264,0.78043846741504,0.803581173228921,0.826272121781676,0.848501645354278,0.870261568563076,0.891545177010897,0.912347177159178,0.932663648437391,0.952491988631564,0.971830853600992,0.993274146952884,1.01439127800675,1.03498230412862,1.05504925626785,1.07459520474607,1.09362418041486,1.11214109592773,1.13015166782521,1.14766234005113,1.16468020942811,1.181212953545,1.19726876142566,1.21285626727634,1.22798448754068,1.24266276142734,1.25690069501716,1.27070810900892,1.28409499011351,1.2970714460713,1.30964766423204,1.32183387360853,1.33364031029484,1.34507718611831,1.35615466038312,1.36688281455186,1.37766665728104,1.39115046016742,1.40425189170266,1.4169812665523,1.42934877546525,1.44136446885726,1.4530382425459,1.46437982547652,1.47539876928313,1.48610443953692,1.4965060085388,1.50661244952018,1.51643253212495,1.52597481905069,1.5352476637361,1.54425920898927,1.5530173864569,1.56152991684395,1.56980431079829,1.57784787038193,1.585667691058,1.59327066412579,1.60066347954488,1.60785262909294
1.06554157214015,1.04244476260442,1.01879292651011,0.994585624917672,0.969823642944039,0.944509063448683,0.918645337404554,0.892237349949972,0.865291481070901,0.83972151740083,0.813698872013219,0.787186103577403,0.760194638951606,0.732737496191047,0.70482929401976,0.691196712756107,0.683254580981268,0.675049168578588,0.668060429283859,0.66145959175538,0.655259495359478,0.649069335251547,0.642646717065341,0.635995467672277,0.629120117611789,0.622025889105369,0.615363587417412,0.608573984552949,0.445121575754467,0.472121203216045,0.498931888769006,0.525528264412019,0.551885734973865,0.577980589461327,0.603790103865384,0.629292634435169,0.65446770059659,0.679296056874946,0.703759753372622,0.727842184537185,0.751528126147132,0.774803760617104,0.79765669089154,0.820075943349528,0.842051960274979,0.86357658256047,0.884643023409647,0.905245833870595,0.925380861088964,0.945045200197031,0.964237140767938,0.984400661075488,1.00537224571668,1.02583518548619,1.04579095186678,1.06524201864589,1.08419178981948,1.1026445272805,1.12060527894647,1.13807980790943,1.15507452311387,1.171596412001,1.18765297548357,1.2032521655508,1.2184023257404,1.23311213465632,1.24739055265774,1.26124677179825,1.2746901690498,1.28773026281119,1.30037667266622,1.31263908233048,1.32452720570336,1.3360507559213,1.3472194172951,1.35804282000226,1.3685305173958,1.37956764643437,1.3927696149639,1.40560349555173,1.41807906626278,1.43020598786545,1.4419937889784,1.45345185314281,1.4645894076776,1.47541551418173,1.48593906055171,1.49616875438729,1.50611311766702,1.51578048257853,1.52517898839751,1.53431657931422,1.54320100311331,1.55183981061923,1.56024035582551,1.56840979663174,1.57635509611913,1.58408302429913,1.59160016027647,1.59891289477242
